add-station 5241 26 851 733 805 782 680 838 755 840 674 684 765 710 833 756 800 836 697 758 779 703 689 836 771 735 718 659
demolish-station 6082
add-station 5989 34 765 830 802 719 624 791 693 754 767 687 737 731 802 706 789 773 681 658 716 632 711 639 771 835 839 742 809 720 736 661 834 708 709 637
add-station 846 23 107 117 128 138 118 124 138 119 126 104 118 118 115 135 110 110 125 115 116 131 119 116 108
add-station 7015 0
add-car 7015 304
add-car 7015 297
add-car 7015 288
add-car 7015 291
add-car 7015 246
add-car 7015 324
add-car 7015 261
add-car 7015 301
add-car 7015 258
add-car 7015 324
add-car 7015 317
add-car 7015 280
add-car 7015 317
add-car 7015 252
add-car 7015 249
add-car 7015 272
add-car 7015 287
add-car 7015 318
add-car 7015 315
add-car 7015 275
add-car 7015 295
add-car 7015 252
add-car 7015 256
add-station 4334 0
add-car 4334 557
add-car 4334 444
add-car 4334 444
add-car 4334 438
add-car 4334 481
add-car 4334 505
add-car 4334 450
add-car 4334 470
add-car 4334 517
add-car 4334 436
add-car 4334 472
add-car 4334 530
add-car 4334 545
add-car 4334 507
add-car 4334 519
add-car 4334 448
add-car 4334 543
add-car 4334 420
add-car 4334 443
add-car 4334 509
add-car 4334 424
add-car 4334 434
add-car 4334 475
add-car 4334 505
add-car 4334 495
add-car 4334 505
add-car 4334 490
add-station 7191 33 167 144 185 184 171 144 144 144 189 154 145 165 147 165 175 163 180 166 179 179 157 160 155 152 175 151 155 165 165 188 188 154 187
add-station 2656 22 47 45 49 38 45 49 42 47 43 38 43 42 45 45 47 52 48 39 47 38 50 47
add-station 7285 0
add-car 7285 79
add-car 7285 101
add-car 7285 104
add-car 7285 95
add-car 7285 100
add-car 7285 82
add-car 7285 86
add-car 7285 97
add-car 7285 80
add-car 7285 100
add-car 7285 96
add-car 7285 94
add-car 7285 102
add-car 7285 79
add-car 7285 86
add-car 7285 81
add-car 7285 105
add-car 7285 87
add-car 7285 94
add-car 7285 107
add-car 7285 98
add-station 4847 32 771 687 642 595 773 710 728 587 676 709 726 718 643 614 788 611 675 788 666 629 684 700 755 657 753 758 649 784 703 698 636 780
add-station 3567 0
add-car 3567 69
add-car 3567 65
add-car 3567 63
add-car 3567 75
add-car 3567 68
add-car 3567 76
add-car 3567 79
add-car 3567 74
add-car 3567 76
add-car 3567 64
add-car 3567 81
add-car 3567 74
add-car 3567 67
add-car 3567 81
add-car 3567 76
add-car 3567 63
add-car 3567 63
add-car 3567 75
add-car 3567 72
add-car 3567 75
add-car 3567 70
add-car 5989 669
scrap-car 7191 7402
add-station 3764 26 118 143 106 142 123 107 114 141 111 142 125 116 124 134 109 126 126 110 113 119 142 136 141 109 125 126
add-station 704 32 133 124 156 153 125 119 127 142 153 122 147 137 160 148 141 126 123 123 147 160 152 136 127 144 153 130 120 144 124 147 124 122
add-station 236 27 226 185 199 219 239 225 230 211 214 219 195 176 179 224 214 217 181 208 197 212 177 239 206 204 212 200 197
add-station 1739 26 14 15 20 18 17 20 20 18 18 14 18 20 14 20 15 15 16 16 18 15 15 16 19 15 18 14
add-station 1794 29 11 13 13 11 13 13 13 12 12 12 12 12 13 11 13 10 11 13 11 12 12 13 10 13 11 10 11 11 10
add-station 3241 26 74 69 73 72 73 59 55 67 74 58 71 58 56 60 57 70 66 61 62 63 75 68 75 69 57 58
add-station 2717 0
add-car 2717 41
add-car 2717 40
add-car 2717 43
add-car 2717 46
add-car 2717 55
add-car 2717 55
add-car 2717 45
add-car 2717 43
add-car 2717 47
add-car 2717 43
add-car 2717 42
add-car 2717 52
add-car 2717 40
add-car 2717 55
add-car 2717 53
add-car 2717 44
add-car 2717 40
add-car 2717 54
add-car 2717 45
add-car 2717 45
add-car 2717 48
add-car 2717 52
add-car 2717 50
add-station 3978 32 311 257 282 283 295 287 267 302 241 288 275 310 245 297 313 294 289 303 259 236 282 317 250 301 276 304 236 254 256 317 308 297
add-station 1271 26 63 76 58 75 67 67 73 64 58 60 66 73 59 77 70 74 65 78 77 71 70 66 72 76 73 73
add-station 6265 25 671 622 684 583 617 690 660 759 738 586 694 741 648 757 585 756 636 619 570 668 665 616 756 688 714
add-station 4927 23 818 796 799 693 807 614 817 753 809 762 683 743 681 714 695 783 719 748 695 660 705 656 616
add-station 1877 26 9 9 8 9 6 6 8 8 8 8 7 7 7 7 9 7 9 7 6 6 7 8 8 8 8 7
add-station 1060 27 96 86 95 94 86 106 93 79 106 86 95 94 98 89 102 87 104 87 104 98 107 83 108 81 98 94 95
demolish-station 4847
demolish-station 7191
scrap-car 4927 743
scrap-car 1877 7
demolish-station 1220
add-station 5043 30 634 745 662 791 640 783 650 719 823 693 700 723 675 680 737 786 813 648 754 687 745 675 642 634 675 673 702 747 763 657
add-station 383 30 173 171 180 193 198 160 178 203 199 204 177 198 199 205 206 185 178 181 164 172 165 194 184 197 209 202 169 171 167 159
add-station 7128 34 198 182 189 208 232 222 227 207 193 179 238 220 227 206 200 189 225 223 200 205 191 211 225 198 183 242 205 242 233 241 229 178 227 193
add-car 1877 8
add-station 5358 21 667 873 824 762 728 806 835 729 846 711 727 784 703 795 684 831 729 829 799 706 684
add-station 2436 29 41 34 34 41 35 32 32 36 30 32 40 41 32 32 40 39 30 39 35 38 41 40 37 41 39 41 31 41 41
add-station 4335 29 492 470 458 427 441 470 468 518 502 425 494 423 439 427 546 524 485 415 538 419 464 555 549 421 461 499 422 482 417
add-station 1499 21 47 47 47 46 41 48 46 40 36 46 46 36 38 46 40 40 45 39 41 45 46
add-station 1820 30 10 8 9 9 9 9 8 9 9 8 10 10 9 10 10 10 9 10 8 9 9 10 10 10 10 9 9 9 10 8
add-station 2518 23 38 41 39 45 42 37 36 45 39 45 43 40 37 33 44 37 36 43 34 44 35 43 40
add-station 3086 24 51 64 65 53 58 68 66 61 66 59 64 64 58 66 63 52 63 66 51 55 53 51 59 64
add-station 6538 24 495 571 480 591 487 559 512 506 632 560 611 607 527 607 487 628 581 509 528 548 481 510 630 565
scrap-car 1840 921
add-station 1790 22 11 10 11 11 11 10 13 13 14 12 13 10 11 10 12 11 12 13 13 13 11 11
add-station 4196 31 422 441 360 449 444 415 449 410 462 404 440 397 367 428 393 370 398 355 415 431 445 400 407 427 440 426 397 403 368 450 379
add-station 3317 29 69 66 72 59 75 72 57 73 76 75 71 71 60 60 71 72 65 61 77 73 70 57 66 62 58 77 76 70 70
add-station 7267 32 107 97 114 113 123 92 116 104 118 116 95 95 121 119 95 109 123 104 116 107 101 107 96 97 105 122 99 113 100 121 112 97
add-station 1778 22 11 14 11 12 14 11 13 13 14 14 14 14 14 11 14 13 15 11 12 11 15 11
add-station 3904 31 249 226 205 253 237 248 230 208 209 212 249 199 199 251 209 255 245 246 251 223 224 206 237 240 217 254 215 199 231 258 243
add-station 1980 34 15 13 11 12 11 14 11 14 14 11 11 12 11 15 13 12 13 11 14 15 11 11 11 11 11 11 11 12 11 15 13 13 13 12
add-station 1991 32 16 15 15 15 14 15 13 14 14 13 16 15 13 12 12 12 14 13 16 14 12 12 15 12 16 13 13 13 14 13 13 16
add-station 177 27 192 199 223 229 223 188 209 222 186 249 233 229 205 233 237 244 223 200 195 207 240 217 229 192 205 185 245
add-station 1658 29 26 21 29 24 24 27 24 26 24 22 26 26 29 23 23 25 23 21 29 28 25 28 23 29 29 25 23 26 26
add-station 7050 28 253 245 238 263 268 267 235 296 285 238 294 241 266 255 300 250 286 291 290 247 293 268 279 235 246 279 262 261
add-station 821 33 110 125 137 142 143 129 111 116 112 129 128 135 121 113 114 105 135 110 135 138 119 130 117 129 116 127 137 127 125 139 117 120 113
add-car 5358 773
add-station 375 32 168 166 175 208 201 199 197 206 190 182 175 188 167 210 186 204 192 195 209 213 178 182 181 204 186 191 182 166 189 189 194 178
add-station 5612 23 886 876 786 829 665 731 857 752 674 680 897 832 746 690 685 844 855 791 671 759 774 749 803
add-station 2759 21 42 50 49 49 45 50 53 50 47 44 45 55 54 55 43 44 52 46 53 51 53
add-station 4915 34 764 748 756 731 737 663 798 674 758 738 660 722 684 797 813 735 664 613 659 813 745 740 711 700 676 729 699 643 687 708 678 605 766 680
scrap-car 7285 82
add-station 6676 34 493 523 487 472 541 414 438 486 504 437 521 521 436 423 512 436 456 516 442 449 488 514 535 507 426 454 474 557 451 476 418 430 429 451
add-station 376 23 173 165 211 194 170 189 204 171 197 213 205 171 178 180 163 183 180 211 197 181 210 176 180
add-station 525 29 141 174 176 154 190 164 140 168 181 159 165 154 168 162 185 184 183 181 156 175 174 156 144 145 182 146 148 187 169
add-station 748 22 125 134 148 142 132 129 134 120 115 133 149 119 135 127 154 134 138 129 131 132 127 135
add-car 1793 4841
add-station 6941 32 366 313 299 374 367 295 291 286 326 298 303 348 287 330 319 291 368 384 377 288 342 361 317 339 338 299 300 301 346 351 309 286
add-station 6793 25 457 390 456 455 483 376 437 437 425 415 400 408 380 458 476 384 408 393 483 475 448 401 450 459 373
add-station 3385 0
add-car 3385 75
add-car 3385 70
add-car 3385 65
add-car 3385 59
add-car 3385 77
add-car 3385 63
add-car 3385 74
add-car 3385 58
add-car 3385 70
add-car 3385 77
add-car 3385 71
add-car 3385 61
add-car 3385 78
add-car 3385 78
add-car 3385 78
add-car 3385 75
add-car 3385 77
add-car 3385 59
add-car 3385 73
add-car 3385 65
add-car 3385 73
add-car 3385 63
add-car 3385 65
add-car 3385 67
add-car 3385 58
add-car 3385 60
add-car 3385 64
add-car 3385 75
add-car 3385 63
add-car 3385 61
add-car 3385 70
add-car 3385 76
add-car 3385 73
add-car 3385 64
add-station 4693 27 665 625 585 585 575 669 559 682 578 600 578 690 736 601 608 685 651 672 650 569 736 552 673 616 737 704 572
add-station 6592 26 589 468 462 577 535 579 550 589 501 513 607 468 589 453 512 453 571 465 454 506 504 605 561 604 506 464
add-station 857 30 119 130 101 110 130 133 105 135 121 115 106 121 103 105 114 104 127 131 121 112 136 101 125 118 118 134 136 113 102 110
add-station 2023 27 18 16 17 18 17 13 14 18 13 15 18 13 14 16 16 16 16 18 18 15 14 18 18 18 14 16 15
add-station 2497 23 36 38 44 33 38 34 39 37 41 41 41 34 33 36 42 35 41 40 40 36 38 42 41
add-station 1094 29 89 95 77 90 81 100 87 84 94 88 81 97 98 89 91 86 81 87 96 83 102 97 89 90 100 87 97 98 95
add-station 4190 0
add-car 4190 467
add-car 4190 452
add-car 4190 406
add-car 4190 395
add-car 4190 390
add-car 4190 387
add-car 4190 401
add-car 4190 411
add-car 4190 444
add-car 4190 357
add-car 4190 427
add-car 4190 437
add-car 4190 384
add-car 4190 380
add-car 4190 453
add-car 4190 403
add-car 4190 464
add-car 4190 360
add-car 4190 392
add-car 4190 369
add-car 4190 448
add-car 4190 457
add-car 4190 416
add-car 4190 389
add-car 4190 385
add-car 4190 469
add-car 4190 444
add-car 4190 382
add-car 4190 347
add-car 4190 357
add-car 4190 369
add-car 4190 438
add-car 4190 386
add-station 3634 22 83 82 69 78 63 63 70 72 75 70 84 73 78 67 84 83 73 71 77 66 73 80
scrap-car 4190 385
add-station 5187 0
add-car 5187 704
add-car 5187 780
add-car 5187 698
add-car 5187 713
add-car 5187 671
add-car 5187 798
add-car 5187 828
add-car 5187 728
add-car 5187 784
add-car 5187 858
add-car 5187 789
add-car 5187 799
add-car 5187 687
add-car 5187 656
add-car 5187 703
add-car 5187 706
add-car 5187 817
add-car 5187 716
add-car 5187 860
add-car 5187 689
add-car 5187 827
add-car 5187 734
add-car 5187 724
add-car 5187 807
add-car 5187 848
add-station 1108 29 100 80 88 76 78 99 96 97 81 81 86 86 86 79 91 87 89 100 101 92 85 100 92 83 90 82 101 79 80
demolish-station 5187
add-station 6629 21 587 494 445 464 492 455 437 530 554 515 474 443 542 582 505 455 584 433 514 446 516
add-station 112 29 255 242 205 242 236 200 202 242 213 198 258 195 203 215 254 248 224 207 240 253 233 219 210 201 197 237 213 228 198
add-station 21 26 224 231 249 265 241 207 242 228 235 252 244 272 249 229 219 210 265 222 245 270 206 213 275 216 249 219
add-station 4797 28 668 638 771 739 615 640 610 702 703 630 678 578 762 582 578 750 752 692 685 667 582 695 593 745 576 729 614 737
demolish-station 3567
add-station 341 22 213 164 168 187 213 212 164 173 210 186 171 199 219 195 169 196 167 205 191 180 210 182
add-station 4478 31 577 548 563 548 526 609 599 574 590 475 579 533 508 483 538 616 636 598 507 513 589 483 524 619 518 472 535 577 632 546 540
scrap-car 7015 299
add-station 5075 24 788 798 833 836 681 725 711 763 639 753 824 770 765 664 666 791 836 728 679 727 764 768 661 804
add-station 5033 27 781 744 642 774 661 844 797 777 832 645 799 646 811 625 737 723 700 664 678 704 769 724 798 782 760 815 832
add-station 5815 22 847 655 769 729 702 798 699 872 777 826 729 656 868 837 763 814 833 874 847 802 855 678
add-station 5686 23 888 728 719 797 755 787 759 804 775 879 815 726 714 826 710 791 768 708 728 695 745 862 713
add-station 3104 28 68 60 63 54 60 70 54 56 57 68 62 64 63 53 55 53 63 69 58 53 65 60 60 66 61 60 61 65
add-car 5075 666
add-station 6767 31 418 402 391 390 476 378 457 415 398 503 410 449 425 382 391 384 415 425 392 390 504 406 468 390 487 441 497 418 485 409 374
add-station 1832 28 7 8 9 8 7 8 7 9 7 9 8 8 7 7 8 7 7 9 9 8 8 9 9 8 7 9 8 7
add-station 1447 30 42 51 43 42 53 48 47 41 41 54 54 41 50 45 48 49 47 50 52 43 45 45 44 44 47 45 53 47 51 51
add-station 6079 30 749 692 798 771 795 785 786 764 743 782 668 683 746 780 674 664 694 655 621 684 756 615 734 713 707 624 789 812 678 734
add-station 6448 23 662 556 587 667 677 582 580 567 577 559 610 555 552 575 675 516 503 646 509 542 680 675 589
add-station 5931 27 824 638 792 681 773 838 812 773 780 658 742 683 780 755 827 712 818 832 702 685 770 654 736 815 661 688 669
add-station 7217 21 142 140 163 130 157 138 167 163 162 137 141 126 167 131 128 140 151 147 143 133 130
add-station 3418 27 63 74 65 67 76 78 62 76 75 68 76 80 76 80 71 60 67 71 72 65 71 77 73 72 68 61 80
add-station 1681 25 26 25 26 24 26 19 24 22 26 21 22 22 25 23 19 21 21 20 22 19 26 19 22 20 24
add-station 7203 34 163 149 144 140 154 151 176 166 146 138 147 137 172 136 179 162 140 167 152 162 132 179 147 144 179 141 159 163 134 150 150 142 153 132
add-station 7341 32 55 55 51 50 54 52 53 53 42 54 46 53 48 44 56 41 46 49 45 45 47 50 54 43 49 48 56 55 43 44 53 48
add-station 3352 23 59 65 74 65 74 63 68 72 73 67 63 74 78 74 63 75 73 77 59 65 74 59 61
add-station 1839 22 8 7 8 6 8 8 8 8 6 7 8 6 6 7 8 8 7 7 6 7 8 6
add-station 439 31 201 181 195 201 155 199 155 198 195 163 163 162 155 161 172 165 157 203 169 202 167 167 154 174 201 189 187 183 169 163 185
demolish-station 7313
add-station 6973 30 346 362 339 360 301 356 300 328 326 276 287 294 308 297 304 330 304 327 295 329 320 290 311 269 328 316 286 323 296 271
add-station 1413 33 54 60 50 56 56 49 53 52 48 60 54 55 44 56 52 57 56 57 49 50 46 58 55 50 50 51 48 57 46 46 55 59 50
add-station 4427 30 511 565 496 521 516 568 604 601 521 496 452 462 575 527 531 526 520 478 517 521 520 595 569 480 519 523 548 456 527 579
add-station 751 31 149 115 142 145 113 123 124 128 125 114 142 119 123 115 128 139 145 124 113 138 151 118 124 123 137 127 132 117 154 143 123
add-station 3614 25 73 83 82 76 63 72 63 72 69 81 68 64 72 67 72 68 71 78 64 79 73 72 68 66 70
add-station 6919 24 321 305 379 374 342 341 320 347 400 326 369 345 400 303 305 365 382 375 344 349 361 363 369 325
demolish-station 525
add-station 704 27 5837 3092 5056 5096 5113 6730 5987 742 5579 1767 6557 3079 6838 6845 2574 7089 5833 7239 2529 5066 2013 2782 311 3938 3270 3249 3588
scrap-car 7217 7402
add-station 7397 33 2 3 2 3 3 2 3 2 2 2 2 3 2 3 3 3 2 3 2 3 2 2 3 2 3 3 3 3 3 3 3 3 3
add-station 5864 21 675 734 650 795 812 699 783 660 735 707 858 657 681 858 859 705 812 656 785 669 800
add-station 4676 24 548 544 556 580 689 614 723 605 555 683 589 684 665 626 579 539 608 636 615 634 573 711 597 558
demolish-station 1658
add-station 1863 0
add-car 1863 8
add-car 1863 7
add-car 1863 8
add-car 1863 7
add-car 1863 6
add-car 1863 7
add-car 1863 7
add-car 1863 7
add-car 1863 7
add-car 1863 7
add-car 1863 6
add-car 1863 8
add-car 1863 7
add-car 1863 6
add-car 1863 6
add-car 1863 6
add-car 1863 8
add-car 1863 8
add-car 1863 8
add-car 1863 7
add-car 1863 6
add-car 1863 6
add-car 1863 7
add-car 1863 7
add-car 1863 7
add-car 1863 7
add-car 1863 7
add-car 1863 7
add-car 1863 8
add-car 1863 8
add-car 1863 7
add-car 1863 8
demolish-station 1980
add-station 2162 29 24 23 22 20 22 25 19 20 25 25 21 21 23 19 26 24 21 22 24 22 20 26 21 23 24 26 24 20 20
add-station 979 28 98 103 102 92 112 101 119 112 108 116 89 97 97 116 117 91 116 109 119 108 107 99 90 112 118 100 94 97
plan-route 7285 857
scrap-car 3385 58
add-station 4061 29 284 326 326 343 338 324 319 303 350 345 316 351 376 291 343 335 379 377 338 307 299 376 356 360 327 290 315 357 334
add-station 1814 31 9 8 10 8 10 11 10 11 9 10 8 10 9 11 10 9 11 8 10 11 8 8 10 11 11 8 9 10 10 10 11
add-station 1315 23 58 53 72 55 71 70 70 54 61 54 55 60 60 53 64 71 65 55 56 58 58 57 65
add-station 2980 23 55 53 56 49 51 65 53 60 57 53 50 55 59 55 51 58 63 55 62 48 52 59 63
scrap-car 4927 716
add-station 4171 34 421 444 368 442 340 411 430 345 354 430 406 431 442 384 369 446 408 367 393 407 374 428 384 445 434 337 393 386 353 390 371 439 418 447
add-station 6008 0
add-car 6008 751
add-car 6008 686
add-car 6008 825
add-car 6008 806
add-car 6008 762
add-car 6008 761
add-car 6008 650
add-car 6008 792
add-car 6008 655
add-car 6008 742
add-car 6008 724
add-car 6008 731
add-car 6008 772
add-car 6008 796
add-car 6008 730
add-car 6008 836
add-car 6008 634
add-car 6008 690
add-car 6008 822
add-car 6008 711
add-car 6008 827
add-car 6008 751
add-car 6008 676
add-station 355 21 178 183 198 178 163 198 185 186 165 171 196 162 165 161 173 204 195 171 187 171 171
add-station 1651 24 26 27 25 26 30 22 30 22 25 30 29 25 30 27 23 25 28 25 25 25 30 29 30 23
add-station 1149 31 78 88 71 86 92 85 80 85 76 72 87 94 92 72 92 79 93 83 86 87 93 91 94 86 81 84 81 95 75 73 94
add-station 3986 24 303 324 298 290 323 320 307 324 286 317 316 266 289 240 302 278 241 291 243 319 245 275 294 303
add-station 4836 32 733 788 651 755 775 616 779 686 741 589 730 747 667 652 654 741 664 784 585 788 730 716 625 694 598 658 738 786 727 653 616 753
add-station 813 31 110 143 110 144 143 108 124 137 112 140 134 114 128 109 119 143 127 136 120 113 141 116 107 110 114 125 110 118 119 132 127
add-station 3365 33 58 75 68 78 78 70 65 74 66 68 60 71 72 73 62 78 61 78 65 68 78 71 65 67 62 62 58 69 71 76 70 72 67
add-station 3926 33 277 241 274 274 246 242 271 217 205 278 270 259 257 223 210 217 246 268 220 277 257 216 219 277 251 226 231 249 219 242 218 274 239
add-station 4999 34 629 831 663 775 710 733 676 743 682 724 728 813 724 712 809 795 641 657 754 672 811 670 702 660 800 802 810 800 754 650 689 795 757 627
add-station 4951 21 739 803 678 725 678 636 656 792 687 725 789 641 644 750 775 707 718 645 625 804 663
add-station 4567 32 510 672 630 602 677 539 569 569 531 565 642 613 629 673 504 593 596 609 527 587 618 604 565 654 542 664 663 558 610 527 666 635
add-station 4902 28 651 796 770 748 619 718 672 638 782 706 670 775 600 761 742 734 784 637 804 602 792 664 664 763 731 623 600 605
add-car 3926 213
add-station 7399 26 1 1 1 1 1 1 1 1 1 1 1 1 1 1 1 1 1 1 1 1 1 1 1 1 1 1
scrap-car 1820 7402
add-station 5744 25 884 827 733 866 755 719 807 683 744 733 723 873 770 810 853 774 659 810 842 880 694 869 709 742 779
add-station 747 31 134 117 139 130 115 120 138 131 126 127 143 142 150 154 125 134 131 141 123 149 129 130 118 151 147 129 132 144 124 123 131
add-station 203 30 200 219 190 191 227 199 241 242 195 202 193 212 204 244 210 213 209 243 183 238 227 234 206 182 184 239 231 231 183 243
add-station 3157 28 72 60 71 64 72 66 60 67 69 62 66 64 56 62 64 58 56 64 57 56 72 67 63 61 72 61 53 65
add-station 507 0
add-car 507 150
add-car 507 151
add-car 507 173
add-car 507 190
add-car 507 175
add-car 507 158
add-car 507 142
add-car 507 192
add-car 507 191
add-car 507 174
add-car 507 174
add-car 507 179
add-car 507 180
add-car 507 145
add-car 507 180
add-car 507 171
add-car 507 160
add-car 507 174
add-car 507 178
add-car 507 150
add-car 507 174
add-station 6169 34 763 611 590 693 768 587 697 598 646 658 681 742 599 739 752 689 773 649 631 651 596 677 627 728 682 597 644 596 631 598 783 628 689 778
add-station 1843 22 6 6 7 6 6 6 7 6 7 8 8 8 7 7 8 8 7 6 8 6 8 7
add-station 2934 21 57 54 61 47 64 56 55 59 60 55 58 49 52 64 52 52 58 47 55 56 61
add-station 3163 26 60 60 59 69 71 68 53 59 70 54 69 63 66 71 69 70 56 64 69 54 54 53 67 61 68 70
add-station 2600 0
add-car 2600 40
add-car 2600 39
add-car 2600 37
add-car 2600 45
add-car 2600 38
add-car 2600 41
add-car 2600 36
add-car 2600 41
add-car 2600 48
add-car 2600 36
add-car 2600 43
add-car 2600 39
add-car 2600 44
add-car 2600 48
add-car 2600 36
add-car 2600 41
add-car 2600 40
add-car 2600 43
add-car 2600 41
add-car 2600 36
add-car 2600 46
add-car 2600 37
add-car 2600 42
add-car 2600 48
add-car 2600 37
scrap-car 1820 9
add-station 3005 23 51 61 54 58 57 62 60 64 60 61 53 54 63 57 60 56 66 52 58 52 64 53 52
scrap-car 7128 178
add-station 2836 27 53 56 53 53 46 60 49 56 53 48 46 51 56 49 45 60 54 48 58 52 54 44 50 54 60 58 57
add-station 1136 25 80 96 94 71 78 88 93 85 80 88 71 82 75 85 86 83 78 92 71 90 71 96 76 87 92
add-car 751 141
add-station 5040 26 818 817 679 695 706 812 646 672 815 848 768 802 765 836 654 642 723 653 651 715 646 820 704 824 700 748
add-station 4776 24 638 662 701 611 597 655 725 752 620 604 599 649 753 599 713 673 724 680 748 677 682 707 697 769
add-car 4567 672
add-station 5166 30 842 780 759 679 805 863 805 808 846 782 801 776 720 728 861 707 817 833 758 742 844 745 838 873 712 864 672 756 834 851
add-station 698 27 162 119 119 147 131 147 122 145 157 160 139 127 158 127 131 125 130 130 119 158 128 136 119 144 147 145 135
add-station 5807 34 839 796 742 877 663 709 667 672 865 755 701 670 720 708 763 844 780 841 817 826 842 797 709 669 687 830 821 875 789 768 784 824 824 827
add-station 377 33 168 194 162 212 161 177 204 208 208 176 192 186 166 202 179 207 205 180 204 179 197 196 183 188 195 158 176 205 162 200 194 170 209
add-station 2080 24 18 21 16 21 20 20 18 17 18 17 21 18 17 18 19 19 19 16 16 18 21 19 20 16
add-station 1840 32 7 8 7 6 8 7 7 6 8 6 7 8 7 7 8 8 7 8 6 7 6 8 7 6 6 8 6 8 6 6 7 8
add-station 5268 26 686 849 691 844 829 868 688 717 735 830 747 825 717 808 757 779 742 704 770 713 701 731 679 861 657 690
add-station 1079 31 82 104 79 104 83 96 84 86 80 78 88 91 88 80 94 81 84 77 90 83 101 80 104 77 103 99 84 99 104 88 100
demolish-station 6941
add-station 4198 31 366 424 442 394 407 471 353 448 372 371 424 459 393 360 374 387 412 404 350 436 462 449 366 370 385 392 391 426 390 432 352
add-station 546 27 175 185 143 166 160 156 173 149 162 185 166 154 181 174 140 144 181 161 140 147 154 185 173 173 162 160 139
add-station 2738 30 54 52 50 51 41 51 48 54 50 53 46 52 49 46 50 42 42 42 41 47 50 50 53 55 48 48 41 42 47 50
add-station 6508 22 591 519 514 577 621 581 537 646 629 645 575 517 531 509 531 608 548 596 615 484 506 606
add-station 4080 33 372 387 318 392 346 347 355 388 351 336 336 338 379 346 380 390 373 306 321 312 329 378 308 322 298 317 394 334 328 347 333 375 330
add-station 2341 31 34 35 30 36 29 30 29 30 30 36 33 29 27 29 32 29 35 32 33 36 28 30 30 29 30 35 29 27 32 35 34
add-station 3710 24 71 70 70 78 79 80 79 71 84 95 85 88 92 81 92 84 81 79 79 90 90 75 86 93
add-station 5203 24 799 793 723 689 835 744 830 792 845 853 802 694 778 775 800 726 685 811 769 805 703 772 808 840
add-station 5918 32 745 637 771 676 832 734 721 673 832 645 695 832 849 729 837 698 746 741 798 739 714 764 852 731 811 640 706 844 764 752 749 812
add-station 7250 30 108 109 118 124 118 109 110 123 119 117 123 120 135 121 124 134 104 126 105 127 131 126 116 126 114 116 117 138 128 128
add-station 4679 25 662 720 559 609 585 650 682 621 713 630 679 708 649 687 627 584 646 660 599 731 668 604 713 632 712
add-station 3806 33 144 170 169 171 138 166 133 166 163 145 154 147 176 151 169 143 141 156 172 175 148 149 173 173 143 165 164 153 178 148 158 153 140
add-station 5967 32 722 740 689 634 758 730 810 847 775 746 682 751 807 766 777 808 635 808 693 641 645 629 638 752 632 800 638 771 756 763 754 748
scrap-car 1843 7402
scrap-car 5999 5431
add-station 4186 25 358 436 461 438 403 409 435 410 439 365 438 396 402 435 404 365 387 348 405 418 398 389 457 369 383
add-station 6032 0
add-car 6032 635
add-car 6032 664
add-car 6032 654
add-car 6032 730
add-car 6032 801
add-car 6032 787
add-car 6032 624
add-car 6032 749
add-car 6032 765
add-car 6032 683
add-car 6032 660
add-car 6032 641
add-car 6032 781
add-car 6032 831
add-car 6032 756
add-car 6032 762
add-car 6032 714
add-car 6032 798
add-car 6032 833
add-car 6032 689
add-car 6032 713
add-car 6032 830
add-car 6032 819
add-car 6032 739
add-car 6032 648
add-car 6032 781
add-car 6032 626
add-car 6032 735
add-car 6032 833
add-car 6032 651
add-car 6032 749
add-car 6032 770
add-station 3678 24 82 79 76 74 69 70 68 76 74 73 84 65 81 64 75 78 70 79 75 83 86 77 83 70
add-station 2695 34 47 44 39 53 52 49 46 52 53 49 42 49 53 53 40 40 45 49 44 50 49 43 52 46 44 40 52 49 50 47 39 44 47 45
add-station 1199 34 88 78 66 71 65 88 81 85 86 65 70 88 82 87 87 75 66 74 70 70 71 68 68 73 69 81 85 65 86 78 75 73 80 85
add-station 4888 21 781 741 679 795 751 649 770 709 805 780 623 759 638 788 611 775 601 769 617 605 596
add-car 2023 18
add-station 845 22 107 115 115 115 133 115 139 115 113 138 131 107 139 110 121 113 129 103 120 136 104 130
add-station 6801 30 430 393 479 362 360 366 446 481 407 401 384 420 394 372 362 448 366 395 432 471 398 356 369 414 365 363 376 416 407 398
add-station 2590 34 45 42 40 41 46 36 36 46 37 41 39 42 40 41 40 49 49 38 36 39 49 44 43 46 43 39 39 38 48 44 46 41 36 46
add-station 1077 31 80 98 85 97 93 98 81 79 94 98 94 103 97 84 88 92 92 79 93 97 84 101 90 88 101 89 89 99 89 82 81
add-station 235 25 234 202 234 228 223 194 212 178 188 209 230 193 181 181 216 178 201 219 221 221 214 202 190 189 239
add-station 6069 31 793 629 798 758 618 817 621 815 609 691 782 639 779 775 623 653 723 821 786 780 799 657 617 772 676 798 716 798 659 726 723
add-station 1706 32 18 20 17 17 21 21 23 19 21 21 17 17 19 17 17 18 23 22 17 22 20 23 23 21 19 22 17 18 17 20 22 22
add-station 802 0
add-car 802 127
add-car 802 142
add-car 802 131
add-car 802 137
add-car 802 131
add-car 802 144
add-car 802 123
add-car 802 141
add-car 802 128
add-car 802 130
add-car 802 130
add-car 802 138
add-car 802 117
add-car 802 116
add-car 802 133
add-car 802 130
add-car 802 132
add-car 802 122
add-car 802 126
add-car 802 143
add-car 802 123
add-car 802 137
add-car 802 132
add-car 802 112
add-car 802 139
add-car 802 139
add-car 802 146
add-car 802 126
add-car 802 137
add-car 802 117
add-car 802 130
add-car 802 143
add-station 4200 25 363 357 403 428 401 371 432 425 430 403 360 440 466 385 396 406 386 393 376 384 357 355 383 397 394
add-station 2732 23 45 53 50 44 53 47 45 53 52 43 52 55 53 45 55 48 53 41 41 53 54 41 50
demolish-station 3806
add-station 3191 28 67 66 58 54 62 63 58 58 73 56 58 70 67 57 68 63 72 59 68 66 58 58 65 63 69 60 71 66
add-station 1783 21 15 15 12 13 14 13 12 15 13 13 14 15 14 13 13 11 15 15 11 14 12
add-station 5998 26 681 810 721 647 827 637 700 625 768 633 745 780 828 827 816 700 670 764 801 806 641 763 812 800 646 770
scrap-car 434 1047
add-car 4187 6142
add-station 292 27 182 189 184 199 203 173 175 226 196 170 179 200 198 222 196 210 176 180 204 191 224 216 227 196 227 181 219
add-station 2225 28 28 26 29 26 30 28 28 25 22 23 27 28 28 24 22 26 27 30 26 30 27 23 29 30 24 26 30 25
add-station 2245 25 28 23 24 28 28 28 29 26 26 31 27 29 27 30 28 29 27 28 24 30 28 29 25 24 29
add-station 834 21 130 110 114 104 117 138 124 121 110 111 114 105 129 139 114 140 132 109 110 139 140
add-station 6205 25 682 661 597 670 628 659 756 711 744 777 703 705 686 584 721 738 643 618 767 644 639 725 680 675 648
add-station 6991 33 348 259 327 323 316 313 281 339 274 271 330 268 292 266 288 333 284 275 292 295 279 340 331 316 312 308 300 284 272 348 317 332 314
add-station 3652 0
add-car 3652 73
add-car 3652 70
add-car 3652 77
add-car 3652 66
add-car 3652 65
add-car 3652 66
add-car 3652 76
add-car 3652 66
add-car 3652 64
add-car 3652 85
add-car 3652 82
add-car 3652 78
add-car 3652 69
add-car 3652 77
add-car 3652 72
add-car 3652 73
add-car 3652 80
add-car 3652 65
add-car 3652 70
add-car 3652 65
add-car 3652 71
add-car 3652 78
add-car 3652 67
add-car 3652 85
add-car 3652 64
add-car 3652 66
add-car 3652 78
add-car 3652 64
add-car 3652 81
add-car 3652 71
add-car 3652 77
add-station 1833 31 7 8 6 8 6 7 6 9 6 6 9 6 6 7 8 9 6 8 9 8 8 8 6 9 9 6 8 8 9 6 9
add-station 4771 32 647 741 729 615 758 724 656 704 764 689 571 653 704 607 651 619 677 744 758 749 687 587 639 763 618 648 622 752 640 617 607 730
add-station 7056 23 277 236 225 221 299 278 270 273 284 263 233 238 277 287 236 268 278 228 281 280 296 269 241
add-station 4073 23 307 389 356 311 291 323 326 315 369 343 343 357 346 292 353 358 336 302 322 299 337 382 290
demolish-station 1843
add-station 3194 22 68 59 61 59 60 56 61 66 68 63 56 65 65 65 71 72 72 72 72 63 56 72
add-station 2003 26 14 13 16 16 16 15 14 16 16 12 15 14 13 14 16 16 14 15 17 13 12 17 13 16 16 16
add-station 6374 32 687 624 660 590 660 586 548 558 602 556 636 575 707 697 532 569 552 583 606 643 608 560 689 665 555 546 602 697 657 633 530 651
add-station 2048 25 17 18 15 17 16 19 18 15 18 17 16 19 15 17 18 17 19 16 18 16 17 14 18 16 17
add-station 6314 22 620 719 593 645 690 612 643 618 620 566 626 598 679 670 651 597 715 557 675 621 578 624
add-station 2909 24 49 50 50 53 63 52 61 47 48 48 52 50 62 57 59 52 47 47 63 47 48 46 52 47
demolish-station 3904
demolish-station 3678
add-station 4380 23 556 534 473 555 453 537 451 489 443 551 484 557 518 555 548 532 462 469 540 551 550 575 549
add-station 3979 26 312 293 249 316 302 248 295 271 274 273 273 255 298 265 267 311 273 259 262 251 260 246 259 238 238 302
scrap-car 6032 756
add-station 5666 24 714 680 818 702 757 826 757 795 715 850 829 889 755 728 809 689 690 859 704 876 790 786 679 723
demolish-station 4679
add-station 5332 34 732 816 799 834 743 873 722 731 704 758 889 790 782 815 791 889 892 720 867 763 736 894 853 841 884 773 839 744 802 687 816 667 704 877
add-station 5806 27 786 741 654 735 665 799 830 773 755 672 680 871 773 810 672 743 854 834 809 683 691 680 762 749 755 803 741
add-station 3394 21 72 79 60 73 65 78 67 61 60 68 58 74 59 70 77 76 68 60 68 60 78
add-station 4739 33 724 727 627 647 573 640 667 714 663 564 661 599 715 700 699 650 565 627 674 751 646 654 629 560 675 672 657 684 597 669 613 589 565
scrap-car 802 123
add-station 4979 27 818 754 832 638 795 814 797 713 817 678 722 687 741 736 785 714 793 639 812 748 739 737 768 738 644 720 688
add-station 2742 29 51 49 54 54 47 48 46 48 46 42 43 54 47 51 53 42 56 48 55 54 47 48 46 54 54 48 52 44 55
add-car 377 210
add-station 3883 34 187 206 197 210 190 242 243 238 223 192 206 192 218 228 232 241 232 197 224 196 212 241 187 233 211 216 235 216 214 225 197 221 241 212
add-station 6506 31 575 581 595 571 602 581 602 628 570 624 528 623 590 610 562 549 628 644 553 586 518 630 559 599 571 505 509 575 511 626 546
add-station 2117 27 18 24 24 19 17 20 20 22 22 19 21 23 17 23 24 18 17 24 20 18 23 18 18 22 23 19 19
add-station 4255 21 391 384 477 467 476 406 491 433 402 405 474 407 463 423 444 473 493 384 417 433 418
add-station 1645 21 31 30 23 30 25 29 24 23 28 25 26 26 30 30 29 28 31 30 27 24 30
add-station 492 21 161 159 149 151 156 169 180 194 170 147 193 157 150 170 183 195 189 156 151 168 195
add-station 3574 34 77 63 75 73 79 79 62 80 64 67 77 67 64 64 73 74 72 62 84 71 84 78 74 79 72 75 73 72 74 80 81 78 79 63
add-station 5714 29 665 849 783 833 772 851 802 720 749 880 865 804 663 723 838 795 748 769 705 858 853 842 699 683 729 805 674 780 725
add-station 3155 22 60 61 69 53 67 53 64 62 67 53 62 62 67 72 56 55 58 58 54 65 60 62
add-station 2657 26 42 42 43 49 45 39 38 38 38 49 49 41 52 50 49 38 47 40 43 40 38 40 44 43 42 43
add-station 3384 33 69 64 62 71 62 59 72 78 58 72 72 77 75 66 73 59 75 76 65 60 64 71 71 75 63 69 76 59 75 77 76 78 59
add-station 2673 32 47 41 39 40 40 48 52 51 47 45 45 52 46 49 47 46 44 46 43 49 44 43 41 41 50 44 48 50 40 46 39 45
add-station 4845 31 680 648 662 711 776 596 637 701 682 689 792 763 602 739 640 707 669 653 658 662 784 759 660 671 780 718 667 605 745 722 626
add-station 2799 0
add-car 2799 58
add-car 2799 49
add-car 2799 47
add-car 2799 48
add-car 2799 43
add-car 2799 43
add-car 2799 45
add-car 2799 49
add-car 2799 52
add-car 2799 44
add-car 2799 58
add-car 2799 51
add-car 2799 47
add-car 2799 57
add-car 2799 53
add-car 2799 55
add-car 2799 56
add-car 2799 43
add-car 2799 57
add-car 2799 56
add-car 2799 49
add-car 2799 43
add-car 2799 54
add-car 2799 56
add-car 2799 56
add-car 2799 44
add-car 2799 54
add-car 2799 55
add-car 2799 50
add-car 2799 47
add-car 2799 53
add-station 5192 22 730 659 832 771 764 698 690 782 748 867 729 802 773 753 759 706 757 731 700 663 679 789
add-station 4808 34 761 613 727 584 756 664 704 649 736 618 630 578 736 614 582 595 655 683 672 645 583 703 738 628 709 778 734 739 703 593 610 747 731 693
demolish-station 3317
add-station 3597 22 62 64 79 62 78 83 64 78 64 64 78 68 70 82 70 72 67 68 62 67 70 67
add-station 800 22 118 113 144 110 131 143 119 117 117 129 141 139 141 122 114 111 131 123 134 125 136 123
add-station 77 24 203 243 252 250 215 220 231 254 214 261 206 219 246 253 201 220 256 244 259 243 234 199 208 223
add-station 99 34 244 198 239 258 219 240 195 241 247 199 201 233 222 258 234 234 262 258 257 240 251 248 219 205 229 231 209 220 263 213 202 226 215 207
add-station 4215 33 368 373 403 425 404 413 471 470 430 366 460 420 385 453 478 475 400 479 467 420 436 422 419 403 403 466 451 407 437 432 408 471 431
add-station 860 30 120 104 115 130 110 105 128 129 122 101 101 134 114 136 118 123 135 134 137 136 130 133 137 116 113 136 103 123 113 121
demolish-station 4335
add-station 1010 24 108 103 110 94 105 100 110 95 94 112 109 113 110 93 87 107 109 91 105 87 99 105 101 90
add-station 7155 33 213 211 203 181 163 192 212 186 185 195 167 214 171 207 180 200 212 205 184 205 162 198 185 213 203 217 197 173 202 211 217 191 172
add-station 5364 31 715 832 705 684 739 737 838 855 795 675 859 715 828 761 793 852 753 677 744 708 792 752 773 683 850 738 682 799 717 755 862
add-station 5287 28 811 862 708 888 880 730 663 682 794 851 888 835 814 688 662 687 801 862 847 749 756 665 875 817 775 859 761 695
add-station 307 32 197 226 180 223 191 197 202 182 177 194 206 205 202 197 221 221 208 178 188 213 195 207 189 218 219 189 169 225 224 200 192 213
add-station 7215 30 163 150 133 161 134 138 126 146 151 161 136 163 135 152 126 149 167 133 137 146 145 131 124 131 136 161 130 133 157 154
add-station 1507 0
add-car 1507 41
add-car 1507 36
add-car 1507 35
add-car 1507 40
add-car 1507 43
add-car 1507 46
add-car 1507 38
add-car 1507 39
add-car 1507 45
add-car 1507 38
add-car 1507 38
add-car 1507 37
add-car 1507 35
add-car 1507 47
add-car 1507 48
add-car 1507 47
add-car 1507 47
add-car 1507 37
add-car 1507 48
add-car 1507 46
add-car 1507 40
add-car 1507 48
add-car 1507 38
add-car 1507 43
add-car 1507 45
add-car 1507 36
add-car 1507 42
add-car 1507 46
add-car 1507 44
add-car 1507 48
add-car 1507 44
add-car 1507 48
add-car 1507 38
add-car 1507 45
add-station 6356 24 641 596 645 592 674 719 708 688 613 684 700 704 614 703 596 629 572 621 719 672 707 543 566 632
add-station 642 27 128 129 141 159 160 166 162 152 137 167 160 148 148 130 133 155 155 155 137 156 147 144 131 130 129 169 129
add-station 6992 22 260 280 323 331 308 264 269 331 296 343 301 268 308 259 295 307 296 289 339 336 258 341
add-station 3831 26 167 178 163 181 197 157 171 159 150 157 155 184 197 164 172 195 159 164 162 184 173 185 187 166 185 186
add-station 36 25 232 260 236 273 207 250 263 241 221 271 251 230 245 210 250 252 229 224 263 247 253 233 267 226 225
add-station 6105 34 742 773 687 752 607 647 636 609 749 719 782 682 795 776 807 727 642 742 725 644 677 679 700 606 621 809 644 664 681 638 603 661 804 635
add-station 3182 31 69 70 58 68 65 69 55 55 55 65 54 64 59 56 63 73 61 55 58 61 54 62 60 66 56 73 65 62 56 54 67
add-station 6883 0
add-car 6883 395
add-car 6883 400
add-car 6883 353
add-car 6883 337
add-car 6883 346
add-car 6883 393
add-car 6883 375
add-car 6883 371
add-car 6883 320
add-car 6883 343
add-car 6883 417
add-car 6883 345
add-car 6883 339
add-car 6883 371
add-car 6883 365
add-car 6883 369
add-car 6883 323
add-car 6883 340
add-car 6883 372
add-car 6883 330
add-car 6883 418
add-station 6118 21 717 680 714 724 639 635 765 727 690 802 757 784 657 645 764 609 658 624 624 639 679
add-station 1686 28 24 21 25 19 22 22 22 19 19 26 20 25 26 25 23 23 21 26 24 25 26 23 24 23 22 21 22 24
add-station 4617 28 584 588 525 667 625 701 526 548 541 571 557 678 661 654 642 605 641 638 705 693 602 640 660 564 637 652 521 584
scrap-car 5666 859
add-station 4133 33 394 319 340 359 322 382 416 323 365 370 347 394 346 348 423 382 387 341 369 409 326 420 372 350 360 378 345 353 422 381 382 332 379
add-station 6382 0
add-car 6382 536
add-car 6382 556
add-car 6382 707
add-car 6382 551
add-car 6382 542
add-car 6382 592
add-car 6382 593
add-car 6382 606
add-car 6382 606
add-car 6382 557
add-car 6382 585
add-car 6382 527
add-car 6382 697
add-car 6382 528
add-car 6382 697
add-car 6382 602
add-car 6382 632
add-car 6382 528
add-car 6382 657
add-car 6382 580
add-car 6382 641
add-car 6382 696
add-car 6382 654
add-car 6382 551
add-car 6382 596
add-car 6382 623
add-car 6382 609
add-car 6382 660
add-car 6382 541
add-car 6382 599
add-car 6382 564
add-car 6382 564
add-car 6382 573
add-station 1476 34 47 43 40 39 45 43 43 52 40 42 39 45 49 47 39 41 45 40 51 46 45 47 46 45 45 41 38 52 52 42 38 49 47 40
add-station 2290 21 32 30 27 30 26 33 33 31 33 29 29 27 26 29 32 27 31 25 29 33 33
plan-route 834 6118
add-station 3099 0
add-car 3099 58
add-car 3099 55
add-car 3099 69
add-car 3099 66
add-car 3099 53
add-car 3099 57
add-car 3099 61
add-car 3099 65
add-car 3099 67
add-car 3099 56
add-car 3099 55
add-car 3099 61
add-car 3099 66
add-car 3099 59
add-car 3099 58
add-car 3099 61
add-car 3099 58
add-car 3099 62
add-car 3099 68
add-car 3099 54
add-car 3099 68
add-car 3099 67
add-car 3099 65
add-car 3099 59
add-car 3099 55
scrap-car 115 1813
add-station 2114 26 17 17 17 21 18 20 20 21 18 17 22 21 18 21 18 23 23 19 19 18 23 18 23 21 20 19
add-station 913 26 125 102 104 125 125 119 105 95 116 110 101 127 111 104 97 126 105 95 118 123 129 96 127 107 105 121
add-station 318 0
add-car 318 203
add-car 318 211
add-car 318 190
add-car 318 221
add-car 318 224
add-car 318 174
add-car 318 221
add-car 318 218
add-car 318 221
add-car 318 211
add-car 318 220
add-car 318 215
add-car 318 190
add-car 318 178
add-car 318 174
add-car 318 171
add-car 318 189
add-car 318 193
add-car 318 195
add-car 318 169
add-car 318 184
add-car 318 218
add-car 318 213
add-car 318 188
add-car 318 201
add-station 5078 22 655 714 798 662 739 648 737 658 657 654 773 722 819 683 709 648 640 774 635 782 658 653
demolish-station 3384
add-station 2113 25 17 20 18 23 23 20 23 20 20 20 22 21 19 19 18 19 18 22 18 21 18 23 21 18 23
add-station 6745 32 490 462 394 400 494 387 500 500 468 409 415 433 450 502 502 486 458 454 512 417 443 389 412 435 472 468 463 465 409 388 445 471
add-station 2891 21 56 57 48 60 50 52 58 48 60 55 48 55 52 61 58 53 56 52 59 57 51
add-station 4020 25 315 294 343 297 319 337 329 272 275 265 273 334 313 317 325 265 260 326 328 330 347 329 312 305 276
add-station 2662 25 51 41 44 50 42 44 45 44 41 43 52 47 47 49 39 51 47 50 41 47 40 52 43 40 41
add-station 3512 27 73 69 72 76 66 73 67 76 77 82 77 61 76 82 69 80 70 74 65 65 79 75 81 75 79 65 77
add-station 4849 32 706 703 697 739 594 653 789 661 696 638 750 691 721 626 669 704 729 781 680 672 783 672 634 612 597 775 687 717 669 738 675 619
add-car 5686 764
add-car 817 5305
add-station 1812 22 9 10 9 9 10 9 9 10 11 9 11 8 9 10 9 10 11 10 9 9 11 10
scrap-car 99 215
add-station 3620 22 73 63 71 64 65 81 75 82 78 69 81 73 70 82 79 79 85 71 68 78 75 74
add-station 4764 0
add-car 4764 596
add-car 4764 612
add-car 4764 744
add-car 4764 573
add-car 4764 706
add-car 4764 740
add-car 4764 732
add-car 4764 673
add-car 4764 710
add-car 4764 734
add-car 4764 683
add-car 4764 755
add-car 4764 572
add-car 4764 747
add-car 4764 567
add-car 4764 670
add-car 4764 746
add-car 4764 608
add-car 4764 709
add-car 4764 748
add-car 4764 698
add-station 2894 21 46 51 53 57 48 52 55 48 59 47 49 52 53 46 56 58 53 51 61 55 62
add-station 6468 23 554 659 528 626 496 554 505 509 499 542 558 573 610 599 575 600 669 575 631 524 607 616 562
demolish-station 2893
add-station 7134 21 177 225 198 192 219 196 221 222 200 213 233 197 202 217 202 194 198 212 217 213 179
add-station 2397 26 31 34 37 30 30 30 29 31 35 39 34 31 39 34 39 39 30 32 31 37 33 31 31 30 37 39
add-station 5319 24 686 781 879 709 792 803 829 702 690 856 791 778 830 799 684 700 831 850 807 877 774 811 839 807
demolish-station 21
add-station 6166 26 729 737 690 620 683 657 723 695 673 625 780 790 753 626 655 706 590 794 734 791 675 701 701 673 637 614
add-station 4865 27 755 638 767 687 777 734 618 674 617 675 670 777 625 623 672 647 708 768 779 664 755 750 750 621 793 672 721
add-station 3285 0
add-car 3285 73
add-car 3285 71
add-car 3285 64
add-car 3285 56
add-car 3285 67
add-car 3285 63
add-car 3285 69
add-car 3285 62
add-car 3285 65
add-car 3285 63
add-car 3285 62
add-car 3285 56
add-car 3285 66
add-car 3285 69
add-car 3285 58
add-car 3285 61
add-car 3285 56
add-car 3285 72
add-car 3285 56
add-car 3285 61
add-car 3285 56
add-car 3285 73
add-car 3285 63
add-car 3285 72
add-station 1793 28 12 13 11 11 11 13 13 12 12 10 12 10 12 12 12 10 12 13 10 13 12 10 11 12 13 13 11 12
add-station 2674 0
add-car 2674 41
add-car 2674 53
add-car 2674 51
add-car 2674 52
add-car 2674 50
add-car 2674 48
add-car 2674 46
add-car 2674 48
add-car 2674 53
add-car 2674 48
add-car 2674 40
add-car 2674 40
add-car 2674 52
add-car 2674 46
add-car 2674 47
add-car 2674 51
add-car 2674 41
add-car 2674 46
add-car 2674 51
add-car 2674 52
add-car 2674 53
add-car 2674 40
add-car 2674 51
add-car 2674 47
add-car 2674 41
add-car 2674 50
add-car 2674 48
add-car 2674 41
add-car 2674 43
add-car 2674 49
add-car 2674 45
add-car 2674 46
add-car 2674 49
add-car 2674 39
add-station 791 30 111 130 131 110 147 120 121 139 126 117 129 141 124 147 123 115 112 143 135 141 124 131 113 117 136 120 125 117 123 125
add-station 6014 22 699 652 693 703 812 829 752 630 746 670 790 766 627 789 665 633 637 745 757 704 621 667
add-station 7048 23 260 264 251 305 253 296 249 255 262 229 259 249 260 277 241 282 226 241 273 245 235 251 247
add-station 2235 29 29 29 26 30 22 25 23 27 22 27 22 23 24 27 24 22 28 25 24 28 28 28 25 25 28 24 28 22 22
add-station 1664 27 27 22 21 27 23 27 23 21 28 24 28 21 22 27 22 22 26 23 25 22 22 24 21 22 27 25 27
add-station 4156 25 408 347 387 388 407 426 418 358 331 359 336 379 338 396 374 344 430 347 340 375 336 365 344 367 427
add-station 1487 21 40 43 38 41 49 44 40 43 39 48 39 41 46 42 39 46 43 48 47 42 39
add-station 2126 32 21 23 20 21 24 22 20 18 19 18 20 24 20 18 18 22 20 20 24 22 22 19 24 23 18 18 21 23 22 20 24 19
add-station 3188 31 58 68 65 57 56 61 63 55 62 73 57 58 55 62 66 56 64 62 54 56 56 55 66 70 55 67 58 59 65 67 72
add-station 2298 29 29 26 27 30 32 26 31 26 28 25 31 31 31 26 26 27 26 29 29 33 30 30 30 28 28 31 27 28 27
add-station 2815 28 45 59 52 59 47 51 54 54 57 50 47 46 47 45 52 57 43 53 50 54 55 43 49 50 51 48 57 46
add-station 922 21 110 118 104 96 108 122 117 111 95 110 109 102 124 123 121 116 118 115 108 112 111
add-station 5572 0
add-car 5572 846
add-car 5572 884
add-car 5572 702
add-car 5572 801
add-car 5572 898
add-car 5572 730
add-car 5572 835
add-car 5572 784
add-car 5572 784
add-car 5572 837
add-car 5572 860
add-car 5572 693
add-car 5572 673
add-car 5572 705
add-car 5572 732
add-car 5572 814
add-car 5572 831
add-car 5572 712
add-car 5572 803
add-car 5572 698
add-car 5572 858
add-station 910 0
add-car 910 109
add-car 910 99
add-car 910 129
add-car 910 118
add-car 910 98
add-car 910 105
add-car 910 109
add-car 910 98
add-car 910 114
add-car 910 106
add-car 910 119
add-car 910 121
add-car 910 96
add-car 910 128
add-car 910 111
add-car 910 102
add-car 910 105
add-car 910 108
add-car 910 123
add-car 910 103
add-car 910 125
add-car 910 106
add-car 910 119
add-car 910 102
demolish-station 2397
add-station 6565 0
add-car 6565 622
add-car 6565 550
add-car 6565 547
add-car 6565 599
add-car 6565 542
add-car 6565 525
add-car 6565 540
add-car 6565 602
add-car 6565 510
add-car 6565 477
add-car 6565 501
add-car 6565 470
add-car 6565 600
add-car 6565 537
add-car 6565 500
add-car 6565 530
add-car 6565 467
add-car 6565 483
add-car 6565 473
add-car 6565 509
add-car 6565 606
add-car 6565 580
add-car 6565 575
add-car 6565 495
add-station 5613 22 753 875 741 706 792 736 837 749 670 853 747 831 698 793 717 725 706 731 861 735 802 720
add-station 397 25 187 208 174 189 211 182 205 160 159 191 177 211 178 166 208 173 168 205 159 202 178 210 165 190 164
add-station 2378 32 28 28 29 37 36 32 38 36 30 33 36 29 36 35 32 35 29 30 31 37 31 31 30 36 32 35 31 37 36 30 38 28
add-station 1419 27 49 43 45 55 43 50 46 45 48 52 50 51 58 43 49 57 59 44 51 45 57 54 45 59 45 44 46
add-station 2380 25 36 32 38 32 36 38 37 31 30 28 35 36 33 29 37 28 37 31 35 31 37 35 32 38 29
add-station 5720 25 886 784 835 722 838 794 790 745 696 764 850 673 852 826 754 884 785 689 691 682 885 847 743 817 722
add-station 518 27 164 177 160 173 174 144 185 144 170 165 154 144 175 169 142 174 186 157 164 178 168 169 176 155 185 153 188
add-station 1470 26 46 46 48 41 48 45 40 45 45 45 43 38 45 50 46 49 45 41 40 52 46 48 52 42 39 44
add-station 5023 26 634 753 720 704 647 638 654 771 793 819 646 710 655 752 758 812 633 761 790 814 639 732 774 684 823 747
add-station 3192 23 64 72 54 55 60 70 54 65 56 68 58 73 59 66 72 55 58 58 60 54 70 58 60
add-station 1459 22 44 54 50 52 40 45 45 43 49 54 40 48 49 45 42 52 49 46 49 54 45 41
add-station 4939 30 707 689 793 626 682 811 684 790 708 796 809 752 802 686 744 618 799 626 722 682 710 611 788 655 712 640 752 648 658 723
add-station 204 28 237 181 239 212 235 189 216 196 220 214 190 191 216 220 216 230 200 224 199 231 182 200 205 218 180 220 205 198
add-station 3306 25 73 71 66 77 66 62 72 60 69 64 65 67 71 59 64 60 62 60 61 76 70 69 66 59 66
add-station 6231 27 669 665 606 597 688 611 582 592 693 573 693 640 604 620 708 665 630 650 757 627 686 759 658 625 692 679 612
add-station 4741 21 717 641 619 599 676 581 602 704 605 562 613 668 720 593 741 690 688 702 751 724 607
add-station 6652 22 466 437 540 548 479 494 572 424 520 552 534 501 459 530 460 508 457 448 548 525 457 483
add-station 659 28 158 142 151 162 150 166 134 164 126 126 132 137 148 140 141 132 129 126 155 166 163 124 157 147 164 165 142 129
add-station 4404 22 523 532 461 583 555 444 458 531 571 488 468 506 519 492 528 509 546 569 461 575 446 517
add-station 4527 32 554 603 583 608 612 646 583 627 612 620 509 625 494 546 553 663 652 590 552 528 534 658 620 557 595 613 528 649 510 630 660 635
add-station 6983 22 288 332 273 278 306 339 324 330 323 294 297 276 298 272 321 318 342 332 281 263 295 333
add-station 4921 22 667 713 639 704 667 655 792 642 753 667 691 799 767 804 625 717 812 786 630 629 655 671
demolish-station 698
add-station 3899 29 250 196 244 255 249 219 256 196 212 240 239 202 222 223 196 253 196 192 248 245 216 234 254 236 256 244 196 214 203
add-station 3995 26 270 256 305 328 330 272 247 286 312 301 322 292 269 330 300 271 303 281 285 272 315 245 278 275 269 314
add-station 5061 21 697 705 653 745 696 806 708 683 797 642 818 778 816 678 815 643 774 647 820 773 761
add-station 7339 30 44 49 44 54 50 54 48 48 50 51 46 58 57 53 55 43 43 58 53 55 56 44 44 50 56 50 53 46 50 54
add-station 2881 27 49 60 49 55 61 45 45 53 61 51 52 61 52 56 57 45 46 60 51 47 54 46 53 52 55 59 60
add-station 7230 34 129 121 153 152 122 141 125 137 128 141 124 155 119 119 116 140 129 129 156 151 155 124 121 134 116 139 156 141 154 132 128 122 154 155
add-station 3595 23 78 81 81 62 68 66 76 70 76 70 79 64 72 76 72 65 78 63 83 71 71 73 79
add-station 1620 23 33 25 31 27 34 30 34 31 30 31 27 27 33 32 32 34 34 25 34 29 32 33 28
add-station 901 21 119 108 125 103 106 122 108 105 110 101 122 120 97 101 118 125 98 96 129 127 123
add-station 6947 29 315 311 282 298 306 318 352 364 354 285 340 331 298 317 334 307 371 367 362 312 309 318 371 324 364 346 317 361 371
add-station 599 32 166 142 143 138 177 151 150 152 148 136 156 173 142 139 170 156 135 175 140 164 151 165 165 172 135 148 132 143 150 155 145 157
add-station 1020 32 89 91 93 97 84 100 89 111 101 111 87 92 88 112 112 100 91 95 87 84 108 85 91 86 89 107 105 89 108 105 96 91
add-station 6887 21 405 337 382 394 322 342 390 368 384 382 330 338 370 330 329 373 356 380 393 348 363
add-station 1182 29 83 84 67 81 81 78 88 79 86 73 69 83 85 72 67 90 85 79 88 89 68 83 82 73 89 79 79 67 85
add-station 6402 31 677 613 615 672 519 525 688 522 552 543 601 641 695 609 692 611 562 670 558 615 525 595 683 642 693 652 646 617 565 605 572
add-car 3883 194
add-station 6391 28 613 602 639 681 567 526 526 653 538 676 706 660 690 578 694 620 599 643 674 602 532 580 554 667 616 682 612 619
add-station 2507 28 33 35 37 40 41 42 39 41 42 43 39 43 35 39 36 42 37 33 35 36 45 45 40 33 45 40 35 42
add-station 1564 34 38 36 34 41 38 30 34 37 35 30 38 33 33 38 40 31 36 40 38 41 38 36 40 32 34 38 36 37 39 38 41 33 38 41
add-station 4914 29 760 717 759 713 717 743 624 706 780 618 813 665 718 726 734 724 621 811 798 611 619 724 679 758 736 784 663 722 667
add-station 741 23 144 137 128 138 150 138 131 119 126 136 136 121 138 115 149 137 136 127 142 151 123 152 153
demolish-station 6983
add-station 1191 30 72 77 82 69 81 82 72 88 70 68 68 87 77 85 87 73 86 79 77 80 74 82 83 79 81 68 69 67 78 73
add-station 2094 0
add-car 2094 22
add-car 2094 20
add-car 2094 20
add-car 2094 22
add-car 2094 20
add-car 2094 22
add-car 2094 21
add-car 2094 20
add-car 2094 21
add-car 2094 19
add-car 2094 18
add-car 2094 22
add-car 2094 19
add-car 2094 22
add-car 2094 22
add-car 2094 21
add-car 2094 17
add-car 2094 20
add-car 2094 20
add-car 2094 19
add-car 2094 18
add-car 2094 18
add-car 2094 22
add-car 2094 21
add-car 2094 18
add-car 2909 57
add-station 5834 24 819 751 662 650 689 654 833 775 860 873 756 722 654 656 794 839 746 712 816 769 857 854 733 772
add-station 4189 28 456 369 411 382 370 439 410 394 401 409 427 442 392 360 353 402 434 352 409 398 408 413 396 400 410 419 378 413
plan-route 112 6629
add-car 1010 113
add-station 4941 22 698 651 664 726 819 623 734 632 728 613 788 612 746 769 665 713 713 687 761 633 625 807
add-station 4102 24 407 315 369 345 380 352 312 399 305 405 327 382 395 393 399 408 332 356 317 317 395 319 372 320
scrap-car 6468 528
add-station 3766 21 145 140 137 113 110 122 119 135 122 136 122 141 107 141 134 129 113 132 124 112 115
add-station 6223 31 750 743 592 628 604 593 616 610 598 727 765 726 774 683 592 758 689 730 674 613 704 596 642 666 701 704 730 719 707 754 597
add-station 3076 0
add-car 3076 57
add-car 3076 67
add-car 3076 54
add-car 3076 56
add-car 3076 61
add-car 3076 51
add-car 3076 64
add-car 3076 65
add-car 3076 60
add-car 3076 64
add-car 3076 58
add-car 3076 56
add-car 3076 52
add-car 3076 57
add-car 3076 63
add-car 3076 62
add-car 3076 65
add-car 3076 63
add-car 3076 54
add-car 3076 53
add-car 3076 63
add-car 3076 58
add-car 3076 57
add-car 3076 59
add-car 3076 58
add-car 3076 51
add-car 3076 64
add-car 3076 53
add-car 3076 52
add-car 3076 60
add-car 3076 61
add-car 3076 68
add-car 3076 63
add-car 3076 55
add-station 2737 0
add-car 2737 41
add-car 2737 47
add-car 2737 54
add-car 2737 46
add-car 2737 44
add-car 2737 43
add-car 2737 54
add-car 2737 54
add-car 2737 50
add-car 2737 52
add-car 2737 48
add-car 2737 48
add-car 2737 44
add-car 2737 48
add-car 2737 50
add-car 2737 42
add-car 2737 44
add-car 2737 47
add-car 2737 41
add-car 2737 46
add-car 2737 41
add-car 2737 51
add-car 2737 55
add-car 2737 47
add-car 2737 48
add-car 2737 47
add-car 2737 50
add-car 2737 44
add-car 2737 43
add-car 2737 43
add-car 2737 45
add-car 2737 52
add-car 2737 50
add-car 2737 46
add-station 1274 30 66 59 72 76 61 66 73 63 76 77 62 59 71 66 58 64 72 62 77 73 76 66 61 67 72 67 78 60 73 60
add-station 5879 33 821 803 695 781 733 708 799 663 677 820 728 644 683 768 861 677 705 701 821 666 660 817 799 866 665 684 787 738 855 854 736 655 792
add-station 3755 34 119 119 111 129 128 134 107 105 126 101 131 120 102 108 107 131 124 126 111 133 122 101 115 118 102 108 107 114 130 101 130 118 124 105
add-station 6568 29 588 607 567 605 552 541 462 498 474 463 542 563 562 549 459 505 484 466 516 609 471 600 518 520 533 562 598 558 476
add-station 5642 31 753 874 831 796 706 777 762 845 798 800 844 693 896 705 821 716 841 889 858 834 806 826 796 785 792 774 699 816 719 663 879
add-station 1510 27 46 39 42 47 39 41 43 41 39 45 41 40 37 43 37 37 47 35 38 36 37 40 45 35 43 45 38
add-station 2438 25 34 36 39 35 40 31 35 39 31 33 40 36 41 37 33 39 33 40 34 34 38 41 32 40 30
add-station 2074 34 15 20 17 19 16 17 19 21 20 17 19 19 16 16 18 17 17 15 19 17 19 16 20 15 17 18 17 20 20 16 20 20 15 16
add-station 2115 23 18 20 22 17 20 18 19 19 18 22 21 17 17 18 18 18 19 22 19 17 21 22 22
add-station 1164 30 69 76 69 90 73 81 71 78 88 80 88 87 69 85 79 73 83 74 92 73 69 91 78 73 84 82 84 70 78 77
add-station 3451 21 70 80 78 79 62 74 64 61 79 70 69 60 72 63 62 75 61 79 65 65 69
add-station 7289 23 77 82 102 97 76 80 87 102 97 82 78 103 89 85 96 85 91 93 101 86 91 93 86
add-station 3493 29 81 64 72 61 70 72 66 82 62 82 78 78 66 69 60 74 75 68 61 70 63 65 61 68 74 76 62 63 81
add-car 4939 727
add-station 3251 23 55 65 73 60 63 60 63 69 58 59 64 68 75 69 61 59 56 62 65 66 71 63 71
add-station 1486 31 48 48 46 43 43 43 47 43 49 42 40 44 48 43 37 49 45 46 41 47 40 44 48 37 43 39 48 38 44 37 42
add-station 194 0
add-car 194 225
add-car 194 239
add-car 194 188
add-car 194 220
add-car 194 198
add-car 194 212
add-car 194 215
add-car 194 196
add-car 194 210
add-car 194 236
add-car 194 235
add-car 194 233
add-car 194 233
add-car 194 218
add-car 194 214
add-car 194 211
add-car 194 188
add-car 194 234
add-car 194 227
add-car 194 207
add-car 194 207
add-car 194 208
demolish-station 1620
add-station 1357 32 50 59 49 50 53 55 57 61 50 58 56 58 50 64 65 66 59 65 62 59 59 51 50 49 53 61 66 51 50 66 51 65
add-station 3252 26 55 62 64 61 59 66 74 71 70 74 72 61 64 72 57 65 58 61 71 63 75 55 56 64 56 62
add-station 2550 33 41 47 39 42 39 44 35 37 34 47 34 44 42 37 35 44 42 46 41 45 44 44 35 35 45 38 46 35 44 35 47 44 36
add-station 4166 27 405 372 438 384 445 430 449 385 366 346 427 408 343 436 339 448 342 432 437 365 363 356 349 439 402 417 345
add-station 6419 28 549 635 568 628 590 532 552 613 587 684 593 618 642 672 669 544 558 609 556 561 663 541 558 537 646 570 603 555
add-station 63 32 213 229 245 267 207 241 203 270 264 232 200 249 248 230 239 209 217 240 247 250 203 213 261 246 226 253 252 260 254 207 202 202
add-station 2246 30 28 25 25 28 27 29 28 24 31 25 28 26 30 28 29 29 31 29 26 31 29 24 30 28 28 30 29 30 31 24
add-station 5863 30 649 841 818 680 794 783 727 664 680 809 646 822 825 850 746 858 656 866 776 658 774 847 845 724 783 831 648 735 789 857
add-station 6334 27 543 555 671 544 668 611 552 668 570 591 706 723 606 707 707 671 623 724 647 615 646 606 563 712 716 689 729
add-station 5825 21 688 786 732 715 815 669 819 775 728 850 834 755 780 675 814 800 862 661 649 763 725
add-station 3750 27 100 110 106 119 123 102 97 102 105 98 112 118 124 120 106 99 99 111 110 126 125 103 121 105 119 110 109
add-station 2885 0
add-car 2885 51
add-car 2885 50
add-car 2885 55
add-car 2885 55
add-car 2885 59
add-car 2885 52
add-car 2885 62
add-car 2885 47
add-car 2885 53
add-car 2885 54
add-car 2885 55
add-car 2885 48
add-car 2885 50
add-car 2885 51
add-car 2885 54
add-car 2885 53
add-car 2885 54
add-car 2885 54
add-car 2885 48
add-car 2885 58
add-car 2885 60
add-car 2885 62
add-car 2885 52
add-car 2885 59
add-car 2885 47
add-car 2885 57
add-car 2885 61
add-car 2885 49
add-car 2885 50
add-car 2885 46
add-station 1978 29 15 14 14 13 11 14 14 11 13 14 14 11 12 13 11 13 11 13 14 13 14 11 13 14 11 13 11 15 14
add-station 5421 0
add-car 5421 847
add-car 5421 800
add-car 5421 801
add-car 5421 671
add-car 5421 768
add-car 5421 837
add-car 5421 741
add-car 5421 776
add-car 5421 701
add-car 5421 781
add-car 5421 840
add-car 5421 791
add-car 5421 819
add-car 5421 856
add-car 5421 698
add-car 5421 900
add-car 5421 731
add-car 5421 839
add-car 5421 898
add-car 5421 810
add-car 5421 873
add-car 5421 687
add-car 5421 849
add-car 5421 671
add-car 5421 804
add-car 5421 782
add-car 5421 713
add-car 5421 745
add-car 5421 708
add-car 5421 688
add-car 5421 731
add-car 5421 666
add-car 5421 848
add-car 5421 762
add-station 4662 29 718 659 614 691 594 705 673 578 706 722 630 585 669 598 724 554 658 637 594 609 579 593 644 621 633 680 610 590 605
add-station 3872 29 198 204 220 225 209 208 198 215 220 185 233 206 194 181 202 233 204 210 212 222 218 222 229 194 215 222 191 190 189
add-station 3454 25 72 74 71 63 65 63 70 68 79 70 78 75 60 68 60 64 77 64 65 64 79 63 66 61 61
scrap-car 311 6486
add-station 1748 28 14 14 15 18 19 19 15 17 17 15 16 17 17 19 19 19 18 17 18 15 18 19 19 16 18 14 19 15
scrap-car 6008 650
add-station 2426 33 32 40 40 35 39 32 38 35 30 32 34 32 36 40 39 38 39 39 32 36 35 31 31 30 39 35 32 35 39 31 38 36 37
add-station 6725 25 521 514 457 524 406 502 437 423 485 479 524 402 461 451 494 405 425 417 529 477 399 459 410 520 527
add-station 5510 21 779 731 854 855 781 864 809 815 807 895 887 865 860 860 826 828 689 765 860 676 773
add-station 3695 30 69 65 68 70 73 73 82 69 69 78 80 84 69 82 81 68 84 69 72 72 82 73 79 75 73 71 64 81 81 81
add-station 2930 0
add-car 2930 51
add-car 2930 50
add-car 2930 62
add-car 2930 56
add-car 2930 54
add-car 2930 60
add-car 2930 49
add-car 2930 63
add-car 2930 50
add-car 2930 60
add-car 2930 57
add-car 2930 54
add-car 2930 63
add-car 2930 49
add-car 2930 57
add-car 2930 56
add-car 2930 62
add-car 2930 60
add-car 2930 53
add-car 2930 48
add-car 2930 63
add-car 2930 61
add-car 2930 47
add-car 2930 49
add-station 5185 28 693 858 727 851 825 765 706 777 803 721 854 842 771 680 873 685 840 756 853 741 648 856 695 737 683 834 649 815
add-station 4980 26 672 822 706 672 712 685 634 683 811 790 713 785 825 691 738 798 636 751 659 833 823 709 824 629 680 729
add-station 5289 23 761 861 823 809 713 807 660 698 689 786 761 679 815 805 845 735 820 866 880 870 739 765 696
add-car 1839 8
add-station 6521 21 571 604 558 546 564 477 490 520 533 632 506 506 508 560 486 579 525 504 579 524 560
add-station 3658 27 69 83 63 80 82 69 84 72 71 80 84 79 85 77 73 72 66 71 72 64 71 84 77 82 85 75 77
add-station 6960 34 313 301 371 304 368 369 315 343 364 275 294 297 309 346 295 332 294 312 284 293 296 288 295 362 363 334 368 339 348 370 372 345 346 365
scrap-car 1840 6
add-station 6360 28 649 555 589 552 656 585 563 594 702 656 539 609 574 629 705 553 606 710 600 560 650 546 546 607 572 554 621 682
demolish-station 1191
add-station 4115 27 379 346 388 365 317 337 383 412 390 348 320 312 395 357 409 401 340 377 359 343 336 393 386 315 406 348 325
add-car 2246 23
add-station 504 30 178 163 180 147 152 143 165 157 169 192 184 188 179 171 156 190 152 192 165 154 193 191 175 156 184 178 150 176 165 192
add-station 3242 25 69 59 67 56 56 72 60 71 56 59 64 71 57 65 73 59 67 65 61 64 59 60 55 62 57
demolish-station 3157
add-car 4980 679
add-station 77 26 3969 1716 2421 3778 6084 4251 4657 4278 6986 4788 364 5482 347 4443 2050 1161 6394 6401 5165 2897 5885 1364 1530 3455 7024 2643
add-station 4168 22 389 414 346 408 381 399 354 430 359 433 447 392 395 454 368 415 373 348 436 399 399 414
add-station 1035 30 97 85 98 105 91 97 111 94 104 94 91 91 107 99 106 106 101 97 96 93 98 110 95 108 102 84 89 89 104 91
add-station 1479 21 44 43 51 43 41 40 51 48 46 47 42 38 47 51 47 47 42 43 44 49 46
demolish-station 1806
demolish-station 5806
add-station 1540 29 33 35 40 42 32 40 39 35 32 32 38 43 41 42 33 41 42 37 40 32 34 41 42 39 39 42 32 40 38
add-station 5587 27 872 748 717 811 730 708 678 723 810 792 885 672 735 732 710 823 785 785 753 718 871 725 748 881 705 797 713
scrap-car 518 7402
add-station 6051 0
add-car 6051 783
add-car 6051 685
add-car 6051 696
add-car 6051 743
add-car 6051 767
add-car 6051 737
add-car 6051 750
add-car 6051 691
add-car 6051 801
add-car 6051 695
add-car 6051 804
add-car 6051 612
add-car 6051 635
add-car 6051 714
add-car 6051 692
add-car 6051 633
add-car 6051 815
add-car 6051 648
add-car 6051 624
add-car 6051 827
add-car 6051 817
add-car 6051 690
add-car 6051 694
add-car 6051 640
add-station 3320 0
add-car 3320 69
add-car 3320 68
add-car 3320 72
add-car 3320 70
add-car 3320 76
add-car 3320 70
add-car 3320 72
add-car 3320 58
add-car 3320 69
add-car 3320 64
add-car 3320 62
add-car 3320 63
add-car 3320 57
add-car 3320 76
add-car 3320 66
add-car 3320 77
add-car 3320 71
add-car 3320 57
add-car 3320 61
add-car 3320 75
add-car 3320 61
add-car 3320 59
add-car 3320 77
add-car 3320 65
add-car 3320 75
add-car 3320 67
add-car 3320 60
add-car 3320 64
add-station 3184 32 60 62 69 60 56 67 73 67 59 59 56 64 63 71 54 64 58 67 65 64 59 66 57 61 67 69 73 72 57 57 61 63
add-station 2778 23 56 53 52 53 45 48 48 51 47 42 48 44 43 46 42 48 55 46 43 43 46 42 51
add-station 1974 28 12 13 13 15 14 13 14 13 15 11 14 15 15 14 14 14 11 13 13 11 15 11 11 15 14 14 11 15
scrap-car 5918 740
add-station 2272 27 28 25 28 27 31 25 26 25 31 24 24 24 29 24 26 27 27 25 25 29 24 32 29 28 24 27 28
add-station 7390 33 10 9 10 8 8 7 7 9 7 7 7 7 7 10 8 9 8 8 7 7 8 7 10 8 10 7 10 8 7 9 7 9 7
add-station 262 30 226 208 204 184 217 234 174 197 194 210 225 200 189 212 198 194 215 205 228 213 176 220 219 210 231 180 196 196 195 202
add-station 4241 34 471 479 480 420 406 465 382 434 447 427 472 390 493 403 479 455 460 396 424 421 501 481 498 408 411 380 413 455 372 499 433 372 502 483
add-station 1100 21 83 100 88 92 101 93 89 79 99 92 94 93 78 93 82 91 102 91 88 80 85
add-car 2860 3533
add-station 7287 34 78 103 83 92 101 100 87 96 87 83 99 85 92 90 86 102 82 80 92 95 98 86 101 83 81 100 88 90 78 100 104 97 93 86
add-station 1097 25 81 76 90 91 98 79 83 94 78 99 80 81 96 89 95 78 95 93 97 75 85 81 87 79 79
add-station 287 23 188 201 176 230 196 213 201 180 211 221 172 208 188 214 204 221 205 222 201 190 209 184 227
add-station 5514 27 686 793 897 779 722 816 720 730 738 808 786 897 780 831 782 792 760 831 799 696 883 752 771 710 888 730 674
add-station 3012 26 53 60 50 53 49 58 49 61 65 54 51 61 57 51 67 49 65 56 51 61 52 51 57 67 65 49
demolish-station 1706
add-station 58 34 263 243 239 257 232 246 227 224 230 255 268 267 243 214 252 230 238 252 217 244 217 250 246 203 202 208 236 221 237 230 208 267 228 213
scrap-car 307 188
add-station 5308 30 760 717 732 753 835 701 773 763 660 808 756 684 832 850 719 741 824 726 879 835 745 766 672 789 748 724 670 848 841 822
add-station 3788 27 142 135 133 147 132 123 131 134 129 160 122 158 164 124 122 123 139 139 150 149 130 149 157 142 159 151 127
add-station 4267 22 485 422 420 466 414 424 466 474 471 455 431 437 508 398 463 506 406 406 432 430 425 414
add-station 7271 0
add-car 7271 95
add-car 7271 108
add-car 7271 119
add-car 7271 100
add-car 7271 103
add-car 7271 90
add-car 7271 105
add-car 7271 119
add-car 7271 118
add-car 7271 110
add-car 7271 107
add-car 7271 110
add-car 7271 112
add-car 7271 117
add-car 7271 119
add-car 7271 88
add-car 7271 99
add-car 7271 98
add-car 7271 98
add-car 7271 88
add-car 7271 100
add-car 7271 108
add-car 7271 90
add-station 3945 32 284 280 218 275 272 268 243 228 264 273 287 231 247 238 244 269 270 236 247 255 259 276 253 281 265 263 226 242 245 265 240 291
add-station 1656 24 27 24 26 24 26 27 25 23 26 27 22 24 24 24 24 24 24 25 28 24 22 28 22 23
add-station 6017 27 834 803 699 676 815 835 696 688 637 814 818 682 760 710 688 704 726 767 776 622 690 793 762 624 694 685 689
add-station 2536 25 45 45 41 46 36 34 43 44 34 46 38 42 40 44 39 40 42 44 36 40 35 41 36 40 39
add-station 6779 33 415 488 437 376 369 416 446 461 403 406 440 381 441 403 427 479 447 416 394 394 402 401 472 474 463 447 373 384 405 381 494 470 495
add-station 13 27 248 225 221 229 214 208 246 269 219 234 245 277 217 213 217 260 245 260 221 249 226 246 277 264 216 248 209
add-station 3438 30 64 76 79 65 59 64 69 72 64 65 69 68 71 68 70 69 72 75 65 68 73 67 78 68 67 66 61 62 63 75
add-station 3527 23 76 82 70 79 69 62 66 82 74 83 83 62 68 69 75 82 65 70 75 75 76 80 72
add-station 925 28 111 111 107 115 103 116 121 116 124 104 116 123 94 104 116 127 101 126 127 95 106 96 102 127 101 97 126 101
add-station 944 33 120 109 123 117 94 118 124 98 111 120 117 93 121 124 105 118 96 115 98 108 107 120 119 93 111 98 110 119 106 93 94 120 111
add-station 4862 21 738 727 599 601 679 690 649 594 616 678 630 728 630 678 764 599 673 767 593 645 740
add-station 735 24 140 115 127 130 154 124 128 140 140 142 138 145 115 146 124 122 143 115 142 152 137 124 133 145
add-station 1952 32 11 12 13 11 13 12 12 12 12 13 13 10 11 10 14 13 14 14 13 10 12 11 11 11 14 13 13 11 14 12 10 14
add-station 1141 30 91 71 78 86 79 72 80 93 86 72 86 78 86 72 85 86 86 72 85 93 86 79 79 82 83 71 96 75 79 94
add-station 5084 30 692 634 637 697 832 640 648 723 740 834 681 830 771 703 735 755 717 707 688 771 856 714 841 853 646 831 849 800 833 814
add-car 3574 75
add-station 2148 27 25 21 23 23 25 25 24 19 22 19 19 22 24 21 25 24 25 19 21 22 21 24 23 20 24 23 25
add-station 7001 27 318 291 290 271 276 287 305 262 265 274 328 273 262 333 312 289 284 340 288 295 326 316 296 264 284 323 332
add-station 5224 27 862 798 779 806 736 678 727 795 829 819 700 840 675 871 760 719 779 839 801 708 708 757 750 768 783 811 791
add-station 6074 26 607 755 807 742 652 706 754 651 712 656 754 775 801 752 711 629 714 798 816 765 738 609 623 754 675 797
add-station 54 29 269 202 216 237 222 205 230 235 217 239 210 224 220 265 207 258 252 258 241 248 203 207 234 239 231 248 234 262 226
add-car 4797 772
add-station 1253 27 76 62 60 61 73 74 76 76 79 80 65 63 59 64 74 68 77 70 67 73 63 60 72 80 74 70 69
add-station 6446 22 580 597 602 548 558 594 669 670 654 543 513 546 616 505 671 635 524 613 534 594 673 595
add-station 277 26 199 202 198 205 186 211 229 231 190 179 217 186 179 214 206 219 198 227 215 209 203 222 190 171 186 199
add-station 2297 0
add-car 2297 30
add-car 2297 30
add-car 2297 29
add-car 2297 26
add-car 2297 28
add-car 2297 33
add-car 2297 26
add-car 2297 27
add-car 2297 32
add-car 2297 25
add-car 2297 26
add-car 2297 30
add-car 2297 32
add-car 2297 25
add-car 2297 31
add-car 2297 33
add-car 2297 32
add-car 2297 25
add-car 2297 25
add-car 2297 34
add-car 2297 28
add-car 2297 33
add-car 3241 55
add-station 2859 34 45 56 57 49 61 50 48 52 47 46 61 57 51 47 56 55 56 52 56 46 54 60 53 57 60 53 57 55 58 53 46 57 47 56
add-station 3113 22 64 66 55 68 70 56 70 60 57 70 56 60 68 64 53 52 69 52 66 68 64 64
add-station 3859 29 171 177 193 185 168 221 215 176 191 179 188 200 210 178 169 200 199 201 205 224 224 170 206 183 217 222 180 175 215
add-car 3750 106
add-station 3963 32 231 278 241 248 296 253 282 273 257 250 232 246 307 279 307 284 279 298 232 270 259 232 304 230 249 275 241 262 231 274 265 242
add-station 5231 27 778 727 831 875 699 784 691 817 863 682 869 876 883 773 880 804 757 741 858 721 731 728 868 814 766 871 732
add-station 5703 25 868 735 713 850 786 675 677 739 767 855 714 798 689 689 847 679 724 838 860 807 770 872 837 858 788
demolish-station 2115
add-station 4923 28 736 715 680 774 712 634 806 650 773 770 775 697 766 725 798 806 673 617 665 685 670 735 805 809 684 653 704 660
demolish-station 4925
add-station 5627 34 809 877 738 752 849 828 866 742 738 859 753 678 826 734 844 820 679 692 864 790 699 850 665 668 866 699 833 696 698 873 851 690 846 732
add-station 2587 33 45 39 38 38 48 36 47 44 39 40 37 40 43 39 38 37 46 37 44 37 42 42 38 46 40 38 41 39 49 44 39 48 43
add-station 6218 0
add-car 6218 683
add-car 6218 775
add-car 6218 595
add-car 6218 675
add-car 6218 658
add-car 6218 599
add-car 6218 761
add-car 6218 720
add-car 6218 775
add-car 6218 580
add-car 6218 724
add-car 6218 679
add-car 6218 708
add-car 6218 619
add-car 6218 739
add-car 6218 746
add-car 6218 748
add-car 6218 697
add-car 6218 755
add-car 6218 641
add-car 6218 759
add-car 6218 699
add-car 6218 715
add-car 6218 724
add-car 6218 611
add-car 6218 600
add-car 6218 776
add-car 6218 715
add-car 6218 703
demolish-station 5931
add-station 3302 29 59 69 65 65 69 71 66 70 62 58 61 66 70 67 64 74 76 64 62 72 58 61 69 65 57 73 68 72 71
add-station 3642 25 84 73 76 65 79 66 84 69 74 75 75 82 85 81 63 72 63 72 74 80 66 72 64 85 70
add-station 3450 26 68 78 60 74 79 67 67 64 63 67 78 78 72 60 75 67 67 71 77 68 60 61 62 65 79 62
scrap-car 3574 74
scrap-car 204 216
add-station 126 25 215 219 234 239 206 221 221 237 209 237 252 225 210 258 243 226 218 233 244 209 228 229 232 198 218
add-station 2036 34 19 18 15 14 17 16 19 19 17 19 15 18 14 16 16 15 17 19 15 18 14 14 18 14 16 16 15 19 16 18 16 15 16 16
add-station 2263 33 25 30 23 26 28 26 24 32 28 31 24 23 32 30 26 25 32 23 30 30 27 25 27 23 24 30 26 24 27 31 28 31 32
add-station 5933 32 667 849 845 841 782 662 686 716 799 709 845 745 682 643 736 717 718 656 788 764 743 635 715 659 808 649 736 777 705 798 692 769
add-station 5947 26 635 838 732 685 832 724 852 811 669 842 781 796 693 820 673 850 713 853 757 666 741 758 691 724 712 648
add-station 4978 0
add-car 4978 704
add-car 4978 769
add-car 4978 785
add-car 4978 797
add-car 4978 717
add-car 4978 639
add-car 4978 666
add-car 4978 655
add-car 4978 702
add-car 4978 690
add-car 4978 727
add-car 4978 758
add-car 4978 821
add-car 4978 757
add-car 4978 645
add-car 4978 754
add-car 4978 701
add-car 4978 625
add-car 4978 701
add-car 4978 818
add-car 4978 715
add-car 4978 671
add-station 6199 27 748 580 578 645 659 764 656 658 670 700 613 615 701 699 667 691 708 756 595 688 662 637 644 655 737 619 612
scrap-car 642 148
add-station 2517 32 40 38 36 43 41 38 39 42 38 38 35 37 41 43 34 41 35 34 40 38 34 40 34 38 44 39 45 43 44 39 39 43
add-car 1097 94
add-station 3263 31 62 69 56 55 60 72 68 57 71 66 68 64 69 58 63 75 66 72 66 75 59 67 67 71 75 65 63 60 65 60 70
add-station 1283 21 74 63 73 71 60 58 59 73 65 72 77 62 65 57 63 60 58 62 63 75 65
add-station 6567 22 563 599 521 583 604 566 538 481 461 507 553 537 618 533 612 568 467 487 552 560 514 479
add-station 22 23 207 215 256 243 258 246 231 265 214 238 222 237 250 253 212 243 258 246 266 206 240 237 230
plan-route 5514 1315
add-station 3949 33 282 244 260 249 257 271 292 237 269 258 236 223 261 283 265 240 243 290 271 284 272 259 250 293 296 284 225 237 293 225 265 271 271
plan-route 307 7250
add-station 1218 25 66 69 67 63 71 73 69 82 65 76 72 81 71 81 80 77 75 75 66 68 72 82 72 78 70
add-station 1149 33 1489 925 4996 2338 185 2744 1744 7366 2780 6596 1233 2503 2989 5373 2873 2660 2918 5796 6971 5298 4988 2214 6696 4159 1532 6710 4490 5607 3813 4575 6634 4766 195
add-station 6732 26 517 485 472 481 388 433 499 479 435 457 509 456 410 507 460 392 407 429 502 523 462 399 487 439 426 409
add-station 7247 34 120 104 121 141 105 130 141 133 106 105 111 115 109 138 110 116 119 104 118 104 136 129 124 122 119 112 124 126 109 106 119 111 126 114
add-station 4826 23 707 587 774 676 765 702 676 766 720 619 639 623 780 780 638 713 690 768 661 761 723 750 695
add-car 6032 830
scrap-car 3766 124
add-station 4837 22 647 692 716 609 722 624 779 699 681 624 644 699 688 757 645 651 713 618 596 594 754 704
add-car 3695 74
add-station 508 23 184 155 170 163 191 169 173 178 183 161 150 182 146 146 192 171 157 165 189 148 178 167 187
add-station 2988 27 65 63 61 57 64 64 49 53 65 49 53 52 50 50 66 56 60 51 57 53 65 56 54 57 53 63 49
add-station 1090 34 98 77 79 96 90 86 81 77 97 92 93 77 85 86 90 77 101 88 82 95 90 86 94 82 79 94 86 82 94 101 92 85 103 102
add-station 549 32 172 167 148 169 165 150 174 181 158 146 153 152 152 171 146 165 158 164 142 183 183 143 185 143 148 144 177 163 172 183 145 164
add-station 6086 24 732 732 625 735 743 623 804 720 793 710 762 696 758 617 747 617 631 648 637 641 752 758 629 723
add-station 4482 25 529 585 537 489 552 568 504 558 609 562 591 505 574 530 588 565 484 585 565 532 541 533 633 552 493
scrap-car 5587 797
add-station 5858 32 822 845 787 740 809 737 725 840 871 849 807 796 730 745 865 703 855 846 679 771 818 829 657 670 741 837 739 745 842 804 778 863
add-station 784 31 113 136 114 116 144 115 113 137 110 138 134 110 141 144 142 141 111 113 126 124 143 115 133 121 121 141 112 129 138 122 127
add-station 4206 21 386 464 399 384 406 385 465 425 354 433 395 467 421 359 389 462 455 438 479 430 414
add-station 1856 24 7 7 5 6 5 5 5 6 5 6 6 5 7 6 5 5 6 7 5 5 5 5 7 7
demolish-station 1978
add-station 7037 29 241 282 252 242 261 251 259 265 304 282 273 235 306 305 252 244 234 265 254 287 280 284 239 311 271 269 268 303 272
add-station 221 33 233 201 223 220 205 186 227 218 179 222 187 222 180 180 214 219 232 217 197 231 222 214 203 196 232 210 217 201 191 221 232 219 236
add-station 2408 32 37 30 38 32 34 38 32 39 34 37 38 30 36 37 32 40 33 33 33 37 40 30 29 31 36 36 32 36 33 35 36 32
add-station 3432 30 61 73 62 70 66 61 60 60 59 77 76 64 69 80 76 73 61 59 61 62 64 80 65 71 61 79 59 77 77 73
add-station 3882 25 225 199 185 197 212 224 224 202 222 180 234 185 214 202 209 201 235 202 238 193 234 184 205 214 236
add-station 2911 29 56 63 56 61 47 62 59 54 47 61 49 53 52 46 55 57 60 51 53 59 57 52 61 49 62 52 60 55 52
add-car 5332 729
add-station 5232 21 756 815 789 729 661 717 702 686 824 868 745 693 788 872 772 816 870 832 673 747 820
add-station 713 32 134 143 125 126 150 124 140 137 138 141 125 131 156 125 147 119 128 150 143 128 127 126 142 129 125 125 125 152 137 140 139 133
add-station 6251 22 595 564 682 722 663 709 572 670 580 740 693 671 639 630 576 702 617 756 721 657 641 736
add-car 845 124
add-station 4684 27 590 648 588 659 593 676 691 686 610 700 636 599 670 667 681 706 674 644 649 726 700 615 651 714 578 550 686
add-station 6721 31 521 394 473 468 453 421 504 489 528 436 503 468 495 410 420 413 491 525 466 490 410 443 490 430 417 403 491 496 443 408 405
add-station 1366 34 56 63 48 54 52 65 65 56 48 55 48 48 60 60 66 55 50 58 50 52 58 57 64 48 60 60 61 50 55 58 58 53 51 63
plan-route 6568 22
demolish-station 4862
add-station 2109 31 22 18 23 17 17 21 18 19 21 18 19 23 17 20 20 17 21 19 20 20 17 18 21 20 18 18 19 23 20 19 21
add-station 1007 0
add-car 1007 115
add-car 1007 88
add-car 1007 109
add-car 1007 112
add-car 1007 115
add-car 1007 95
add-car 1007 89
add-car 1007 103
add-car 1007 96
add-car 1007 89
add-car 1007 108
add-car 1007 111
add-car 1007 111
add-car 1007 110
add-car 1007 115
add-car 1007 104
add-car 1007 115
add-car 1007 104
add-car 1007 102
add-car 1007 88
add-car 1007 98
add-car 1007 108
add-car 1007 90
add-car 1007 101
add-car 1007 115
add-car 1007 107
add-car 1007 114
add-car 1007 110
add-car 1007 93
add-car 1007 101
add-station 7362 28 32 33 36 28 32 29 32 30 34 34 31 29 36 28 35 34 29 33 33 27 29 32 28 35 34 34 34 32
add-station 3244 23 61 61 62 67 67 68 74 68 66 56 71 59 63 67 64 66 71 71 70 57 67 67 72
demolish-station 3113
add-station 6020 28 740 684 785 804 713 832 756 750 832 770 705 642 792 819 691 830 705 684 732 822 752 632 684 764 800 759 622 661
add-station 4909 31 727 767 626 627 677 732 766 658 606 618 791 679 729 653 710 720 761 719 726 777 683 670 631 724 665 731 678 606 812 630 674
add-station 1632 0
add-car 1632 32
add-car 1632 27
add-car 1632 25
add-car 1632 25
add-car 1632 27
add-car 1632 24
add-car 1632 27
add-car 1632 31
add-car 1632 29
add-car 1632 31
add-car 1632 31
add-car 1632 32
add-car 1632 25
add-car 1632 30
add-car 1632 28
add-car 1632 31
add-car 1632 30
add-car 1632 28
add-car 1632 25
add-car 1632 25
add-car 1632 31
add-car 1632 29
add-car 1632 24
add-car 1632 28
add-car 1632 24
add-car 1632 26
add-car 1632 32
add-station 4159 0
add-car 4159 420
add-car 4159 381
add-car 4159 388
add-car 4159 387
add-car 4159 362
add-car 4159 351
add-car 4159 403
add-car 4159 354
add-car 4159 331
add-car 4159 407
add-car 4159 363
add-car 4159 378
add-car 4159 444
add-car 4159 350
add-car 4159 417
add-car 4159 386
add-car 4159 340
add-car 4159 446
add-car 4159 331
add-car 4159 391
add-car 4159 423
add-car 4159 378
add-car 4159 407
add-car 4159 408
add-car 4159 401
add-car 4159 423
add-car 4159 352
add-car 4159 333
add-station 3812 26 143 151 184 168 159 162 175 184 182 161 137 140 140 169 164 152 143 176 165 136 184 145 176 164 138 183
add-station 3250 33 59 58 67 62 75 72 64 63 72 64 56 69 55 69 62 74 73 74 57 64 58 67 75 72 63 67 61 75 67 64 61 72 73
add-station 3189 28 64 63 70 68 66 64 66 62 55 59 57 70 73 71 63 67 65 63 69 68 63 61 67 72 71 63 72 63
add-station 6737 28 506 477 450 505 472 512 462 523 421 492 457 390 472 420 454 522 446 501 462 471 476 418 424 504 438 460 437 400
add-station 4842 0
add-car 4842 782
add-car 4842 692
add-car 4842 676
add-car 4842 618
add-car 4842 707
add-car 4842 658
add-car 4842 641
add-car 4842 726
add-car 4842 658
add-car 4842 752
add-car 4842 626
add-car 4842 704
add-car 4842 591
add-car 4842 734
add-car 4842 624
add-car 4842 719
add-car 4842 750
add-car 4842 595
add-car 4842 604
add-car 4842 643
add-car 4842 712
add-car 4842 728
add-car 4842 619
add-station 7129 34 179 211 198 234 212 213 221 213 214 178 239 191 181 192 221 218 212 222 196 186 236 202 194 199 197 199 211 237 198 210 188 190 180 230
add-station 2972 26 59 51 58 48 64 61 62 61 49 60 50 51 62 57 62 58 53 55 54 51 64 61 62 63 59 62
add-station 5164 0
add-car 5164 825
add-car 5164 840
add-car 5164 654
add-car 5164 812
add-car 5164 830
add-car 5164 716
add-car 5164 810
add-car 5164 726
add-car 5164 782
add-car 5164 817
add-car 5164 796
add-car 5164 724
add-car 5164 846
add-car 5164 722
add-car 5164 861
add-car 5164 834
add-car 5164 700
add-car 5164 857
add-car 5164 721
add-car 5164 867
add-car 5164 866
add-car 5164 806
add-car 5164 856
add-car 5164 654
add-car 5164 666
add-car 5164 769
add-car 5164 750
add-station 5492 32 726 808 788 829 743 885 696 862 769 837 847 737 714 774 769 843 847 726 877 702 682 722 834 859 827 802 817 746 821 900 730 809
add-car 2080 16
add-station 6098 30 619 607 663 721 725 682 662 629 679 662 764 757 664 794 770 761 602 781 795 713 622 639 790 755 755 604 797 722 765 678
demolish-station 3652
add-station 4045 24 286 335 279 358 317 283 352 363 311 302 325 315 281 343 323 324 291 302 339 366 356 328 272 310
add-station 1810 31 9 10 9 10 10 10 12 8 11 9 9 12 10 9 11 8 9 12 9 12 12 8 9 8 12 9 11 9 12 11 8
add-station 3924 0
add-car 3924 222
add-car 3924 238
add-car 3924 272
add-car 3924 272
add-car 3924 220
add-car 3924 244
add-car 3924 231
add-car 3924 242
add-car 3924 243
add-car 3924 210
add-car 3924 212
add-car 3924 240
add-car 3924 259
add-car 3924 274
add-car 3924 228
add-car 3924 244
add-car 3924 219
add-car 3924 231
add-car 3924 271
add-car 3924 249
add-car 3924 264
add-car 3924 223
add-car 3924 264
add-car 3924 242
add-car 3924 248
add-car 3924 245
add-car 3924 252
add-car 3924 224
add-car 3924 276
add-station 5064 34 852 685 816 664 727 643 685 834 639 666 672 676 723 756 740 827 678 684 639 689 834 681 651 726 724 813 793 791 785 840 666 767 751 656
add-station 1886 25 7 8 9 9 7 9 8 8 9 9 7 7 9 8 7 9 9 8 9 7 8 8 9 9 7
add-station 3562 24 62 69 68 84 74 69 81 68 78 75 75 73 75 71 83 79 73 64 67 81 69 78 76 71
add-station 1498 21 39 47 47 43 38 37 49 48 41 48 44 42 46 42 41 49 39 41 37 48 49
add-station 3066 33 68 53 55 62 54 56 56 60 61 57 62 53 58 51 56 58 52 52 53 56 57 53 56 69 52 57 60 57 63 59 67 62 55
add-station 1117 28 96 87 75 97 88 99 84 90 96 78 76 85 99 73 73 73 87 99 77 90 78 75 96 92 73 98 83 98
add-station 900 22 107 114 114 102 119 126 131 101 131 99 105 131 100 115 99 103 106 102 101 107 99 103
add-station 6722 34 441 470 394 417 432 430 432 397 471 469 430 495 457 452 516 458 434 405 399 488 524 499 399 468 503 518 509 447 511 470 396 417 505 398
add-station 981 22 92 102 113 115 96 119 119 94 114 98 101 99 100 91 114 89 100 93 115 115 95 104
add-station 5484 25 746 867 682 670 811 769 872 817 753 871 669 679 708 856 877 787 815 717 725 829 830 763 713 774 688
add-station 4964 0
add-car 4964 742
add-car 4964 696
add-car 4964 805
add-car 4964 750
add-car 4964 642
add-car 4964 757
add-car 4964 672
add-car 4964 788
add-car 4964 794
add-car 4964 631
add-car 4964 697
add-car 4964 690
add-car 4964 695
add-car 4964 676
add-car 4964 654
add-car 4964 785
add-car 4964 652
add-car 4964 640
add-car 4964 783
add-car 4964 667
add-car 4964 760
add-car 4964 749
add-car 4964 628
add-car 4964 621
add-car 4964 818
add-car 4964 723
add-car 4964 807
add-car 4964 756
add-car 4964 826
add-car 4964 712
add-car 4964 664
add-car 4964 681
add-car 4964 654
scrap-car 2972 7402
add-station 6282 30 656 684 740 731 674 687 624 627 605 626 678 738 740 735 712 577 644 638 737 736 580 747 686 602 580 712 705 641 744 623
add-station 5837 34 814 733 692 663 668 843 799 815 766 683 774 847 815 839 793 768 711 649 681 679 774 790 760 726 675 766 741 842 726 682 848 714 865 788
add-station 899 23 111 105 114 109 106 103 131 112 107 125 97 116 124 103 126 97 105 103 105 97 115 120 124
add-station 5589 28 801 824 762 751 717 842 865 886 687 668 833 727 823 763 697 859 778 723 679 686 807 723 845 822 676 710 822 724
demolish-station 5233
add-station 1590 33 33 35 32 33 30 33 31 36 27 30 30 31 37 37 36 35 35 36 31 33 27 28 28 37 31 27 31 32 29 28 29 31 35
demolish-station 7053
add-station 3891 34 213 219 244 233 223 190 216 186 189 231 193 247 187 234 204 196 241 225 219 188 212 218 198 246 235 194 205 188 231 200 195 226 217 228
add-station 7246 0
add-car 7246 138
add-car 7246 107
add-car 7246 108
add-car 7246 132
add-car 7246 116
add-car 7246 121
add-car 7246 115
add-car 7246 108
add-car 7246 118
add-car 7246 118
add-car 7246 108
add-car 7246 135
add-car 7246 142
add-car 7246 107
add-car 7246 114
add-car 7246 134
add-car 7246 113
add-car 7246 109
add-car 7246 125
add-car 7246 127
add-car 7246 122
add-car 7246 115
add-car 7246 112
add-car 7246 133
demolish-station 204
add-car 1590 42
add-car 2298 43
add-car 1820 12
add-car 2438 59
add-car 1974 22
add-car 2003 20
add-car 2074 26
add-car 2023 20
add-car 2048 26
add-car 2341 43
add-car 1863 14
add-car 2600 56
add-car 1991 17
add-car 7399 2
add-car 7390 28
add-car 1778 30
add-car 1856 16
add-car 1794 16
add-car 1877 14
add-car 1886 66
add-car 2162 63
add-car 1952 66
add-car 7397 7
add-car 1686 53
add-car 1632 42
add-car 1739 53
add-car 1810 16
add-car 1840 16
add-car 1832 12
add-car 2656 56
add-car 1748 30
add-car 2225 63
add-car 2497 59
plan-route 6732 901
