add-station 430 12 123 108 107 110 107 120 124 124 97 106 120 108
add-station 684 12 249 248 294 290 249 260 292 273 228 258 236 279
add-station 1144 9 36 41 34 36 36 38 31 40 32
add-station 314 12 17 21 17 18 19 18 21 22 20 21 21 22
add-station 735 12 328 286 277 312 297 258 250 320 268 322 316 283
add-station 541 14 159 201 163 183 149 190 156 199 192 199 201 196 186 191
add-station 1136 12 48 47 48 47 47 46 36 35 37 45 40 35
scrap-car 1136 45
add-station 188 13 13 10 10 10 10 12 10 11 12 13 11 12 13
add-station 430 8 776 822 885 156 863 1143 493 1198
add-station 543 15 153 176 196 153 150 152 201 165 183 160 199 160 173 151 174
add-station 1104 12 66 64 75 73 62 66 66 65 73 62 66 67
add-station 40 10 22 17 19 22 20 21 20 19 18 19
add-station 1186 8 7 9 9 8 7 8 7 7
scrap-car 1186 7
demolish-station 542
add-station 618 14 230 199 208 232 200 183 196 227 219 227 223 212 244 200
add-station 589 15 190 181 202 175 221 203 214 208 204 164 184 208 204 202 176
add-station 643 0
add-car 643 244
add-car 643 248
add-car 643 204
add-car 643 232
add-car 643 251
add-car 643 216
add-car 643 268
add-car 643 220
add-car 643 221
add-car 643 251
add-car 643 222
add-car 643 257
add-car 643 210
add-car 643 215
add-station 152 12 13 13 11 13 15 12 14 13 15 14 15 12
add-station 379 10 70 79 80 86 73 75 80 68 73 72
scrap-car 171 1071
add-station 579 15 179 200 191 199 218 183 207 166 167 203 197 213 177 210 199
add-station 886 9 303 297 277 344 258 283 278 263 342
add-station 483 10 147 136 151 143 138 159 127 157 167 138
add-station 398 8 103 95 100 85 78 76 101 95
add-station 3 8 23 24 25 23 25 23 24 19
add-station 920 0
add-car 920 300
add-car 920 275
add-car 920 268
add-car 920 310
add-car 920 274
add-car 920 285
add-car 920 261
add-car 920 252
add-car 920 309
add-car 920 280
add-station 1123 12 60 44 52 49 44 50 56 46 46 47 44 51
add-station 1126 8 42 46 42 46 48 54 54 42
add-station 694 9 259 308 307 311 285 256 281 271 294
add-station 5 10 22 20 24 24 21 19 23 19 20 23
add-station 584 12 184 214 176 215 213 204 201 174 165 219 196 207
add-station 369 12 72 68 77 59 59 58 77 76 71 61 77 63
add-station 675 9 225 261 290 223 272 266 254 291 271
add-station 287 8 7 6 8 6 6 8 7 7
add-station 45 8 19 20 18 18 21 19 22 22
add-station 265 10 7 6 6 6 7 7 8 8 7 7
add-station 925 13 286 231 245 231 250 299 290 253 280 260 264 293 301
add-station 556 0
add-car 556 175
add-car 556 201
add-car 556 176
add-car 556 164
add-car 556 182
add-car 556 161
add-car 556 155
add-car 556 183
add-car 556 170
add-car 556 199
add-car 556 179
add-car 556 188
add-car 556 192
add-car 556 196
add-car 556 205
add-station 849 10 311 324 338 349 302 278 348 275 302 265
add-station 560 9 166 193 206 175 205 207 194 161 170
add-station 821 11 348 268 292 346 338 316 297 312 312 319 328
add-station 846 10 351 306 299 287 271 296 312 339 326 297
add-station 1118 11 63 62 59 49 49 60 49 64 64 60 56
add-station 276 8 8 7 8 6 6 8 7 8
add-station 42 15 17 20 17 22 22 19 23 23 23 20 17 20 20 18 22
demolish-station 40
add-station 1163 0
add-car 1163 20
add-car 1163 21
add-car 1163 22
add-car 1163 22
add-car 1163 19
add-car 1163 21
add-car 1163 26
add-car 1163 24
add-car 1163 22
add-car 1163 25
add-car 1163 24
add-station 365 14 62 64 72 68 68 63 66 59 61 59 61 57 59 54
add-station 1119 10 47 55 60 52 58 57 58 53 60 53
add-station 573 14 171 172 208 172 170 178 200 171 209 187 168 159 163 167
add-station 125 12 17 12 12 17 14 16 17 12 13 15 14 17
add-station 606 10 230 228 177 224 180 190 175 187 191 180
add-station 340 13 40 41 49 36 43 37 46 40 48 46 48 38 39
add-station 179 14 13 10 12 12 14 10 14 12 12 12 14 11 13 14
add-station 961 10 200 197 243 201 231 250 186 229 242 243
plan-route 1104 45
add-station 993 10 177 156 154 177 193 153 167 190 175 168
add-station 939 14 254 257 279 279 261 231 275 263 275 221 279 279 223 229
add-station 454 15 144 147 131 140 117 139 117 142 117 130 121 132 121 118 116
add-station 1168 12 21 17 18 22 21 17 16 22 17 19 20 22
add-station 527 12 177 178 165 150 148 144 163 151 146 158 188 159
add-station 91 0
add-car 91 18
add-car 91 14
add-car 91 17
add-car 91 18
add-car 91 15
add-car 91 19
add-car 91 19
add-car 91 16
add-car 91 14
add-car 91 17
add-car 91 18
add-station 474 9 157 136 128 160 133 131 159 151 158
add-station 327 0
add-car 327 27
add-car 327 26
add-car 327 32
add-car 327 34
add-car 327 26
add-car 327 31
add-car 327 30
add-car 327 28
add-car 327 29
add-car 327 36
add-car 327 27
add-car 327 29
add-car 327 26
add-car 327 30
add-car 327 30
add-station 593 14 207 188 176 170 199 185 181 212 190 179 205 205 168 217
add-station 963 15 220 217 218 225 219 196 236 243 211 210 243 243 204 191 228
add-station 648 12 263 271 212 270 239 212 254 229 218 268 240 269
add-station 1005 8 190 154 149 177 179 182 167 178
add-station 653 13 281 246 273 241 260 245 237 275 238 223 209 271 266
add-station 418 11 94 120 112 107 99 119 96 118 116 113 91
demolish-station 301
add-station 557 11 158 182 201 208 182 192 202 172 156 169 190
plan-route 42 1168
add-station 686 9 253 293 271 242 282 272 278 305 263
add-station 515 8 142 143 154 159 166 156 186 153
add-station 575 9 164 165 204 170 168 205 193 207 172
add-station 1057 0
add-car 1057 95
add-car 1057 127
add-car 1057 121
add-car 1057 103
add-car 1057 97
add-car 1057 105
add-car 1057 101
add-car 1057 116
add-car 1057 100
add-car 1057 117
add-car 1057 121
add-car 1057 106
add-car 1057 95
add-car 1057 103
add-station 630 14 213 257 236 203 205 251 227 254 237 194 244 211 198 204
add-station 607 13 208 181 199 221 207 198 234 203 198 181 211 176 183
add-station 688 11 283 262 308 295 277 272 298 238 304 259 303
add-station 45 12 532 991 1036 177 191 997 171 98 747 95 605 29
add-station 1131 11 53 50 40 52 52 45 51 40 45 51 50
scrap-car 1131 796
add-station 375 12 77 71 83 74 66 68 64 81 82 62 75 78
add-station 760 11 314 280 321 283 328 311 324 302 276 318 261
add-station 343 14 43 39 52 45 49 38 39 41 46 42 50 48 52 43
add-station 633 14 216 200 211 261 251 219 247 216 220 232 227 193 233 244
add-station 847 11 266 330 271 307 315 306 290 323 335 298 320
add-station 222 12 9 10 10 11 10 10 9 10 10 9 10 9
add-station 377 9 69 65 62 62 70 76 71 73 84
add-station 502 8 155 172 139 139 145 150 134 165
plan-route 1118 125
add-station 431 11 121 105 96 127 111 108 130 96 122 100 102
add-station 680 13 290 234 278 240 285 229 232 287 234 267 229 268 273
scrap-car 343 50
add-station 1175 11 16 15 16 15 15 15 13 17 14 13 17
add-station 890 15 285 319 338 342 285 336 275 321 313 288 333 311 293 345 308
add-station 205 13 11 10 9 11 9 10 12 10 10 11 12 11 12
add-station 494 13 149 156 145 145 168 162 131 174 145 163 138 163 144
add-car 73 89
add-station 182 14 13 10 11 11 12 11 11 13 12 10 13 10 13 10
add-station 226 11 10 9 8 9 9 11 8 10 11 10 10
add-station 613 9 233 201 216 178 217 186 216 231 233
add-station 287 11 851 372 437 116 1156 420 440 691 826 860 1119
add-station 544 9 201 185 149 188 169 162 195 196 171
add-car 482 1054
add-station 733 9 284 308 324 268 281 263 318 324 272
add-station 144 12 16 12 15 16 14 12 15 13 14 16 12 13
add-station 901 15 339 263 260 320 305 295 270 303 290 276 268 256 268 336 256
add-station 80 0
add-car 80 16
add-car 80 18
add-car 80 19
add-car 80 15
add-car 80 19
add-car 80 20
add-car 80 20
add-car 80 18
add-car 80 18
add-car 80 16
add-station 319 15 26 23 21 25 28 25 24 27 28 28 26 23 21 28 28
add-station 254 11 8 9 7 7 9 9 9 8 9 8 8
add-station 1095 12 83 77 73 69 81 65 72 66 82 81 74 65
demolish-station 1175
add-station 705 15 305 291 291 264 313 296 240 241 274 272 244 253 319 277 291
add-car 188 17
add-car 152 27
add-car 125 34
add-car 265 11
add-car 314 27
add-car 144 19
add-car 179 27
add-car 222 17
add-car 42 37
add-car 205 17
add-car 226 28
add-car 91 34
add-car 276 11
add-car 45 35
add-car 80 35
add-car 1186 18
add-car 5 37
add-car 287 27
add-car 254 28
plan-route 45 1123
