add-station 622 10 210 178 194 185 191 205 210 209 163 196
add-station 1364 14 247 239 283 280 246 283 217 275 279 275 286 237 262 278
add-station 1842 12 43 45 44 47 51 45 53 43 45 43 46 56
add-station 1140 17 244 201 266 212 268 262 200 221 202 222 211 228 201 271 224 220 271
scrap-car 622 196
add-station 215 15 145 150 146 138 143 141 125 157 151 131 123 144 128 135 163
add-station 1035 15 222 198 209 180 235 200 236 222 191 208 195 219 192 200 181
add-station 728 10 181 178 215 201 160 207 211 162 188 190
add-station 1814 11 59 55 68 56 66 72 72 59 70 53 72
add-station 64 10 129 110 101 101 104 134 117 118 121 100
add-station 758 12 171 165 176 190 161 202 215 197 191 200 187 165
add-station 1482 14 249 226 206 202 211 236 211 236 212 259 201 215 199 258
add-station 862 18 186 175 193 166 197 171 179 159 203 159 170 203 213 211 182 214 163 182
add-station 203 15 139 131 134 145 121 123 156 135 145 121 141 156 120 149 163
add-station 1097 0
add-car 1097 236
add-car 1097 255
add-car 1097 216
add-car 1097 219
add-car 1097 233
add-car 1097 226
add-car 1097 255
add-car 1097 213
add-car 1097 249
add-car 1097 223
add-car 1097 229
add-car 1097 205
add-station 489 10 154 198 151 198 200 163 188 164 196 196
add-station 598 13 193 181 173 207 210 205 164 185 167 195 164 158 205
add-station 1159 18 211 273 275 233 264 252 208 238 226 267 256 221 236 234 218 227 249 215
add-station 1947 14 4 3 3 4 3 3 4 4 4 4 3 3 3 3
plan-route 489 1842
add-station 618 10 181 194 204 158 162 201 163 191 195 211
add-station 1436 15 259 230 238 244 247 235 249 256 275 274 272 274 245 259 211
add-station 1319 18 272 220 292 250 228 242 272 247 279 244 269 241 272 282 273 273 259 270
add-station 1866 13 38 41 36 34 40 44 33 36 35 40 45 37 42
add-station 1669 14 148 116 143 121 118 145 149 120 141 136 123 132 137 128
add-station 987 12 170 206 205 202 200 195 170 186 164 163 177 175
add-station 634 0
add-car 634 180
add-car 634 166
add-car 634 201
add-car 634 208
add-car 634 180
add-car 634 190
add-car 634 205
add-car 634 213
add-car 634 202
add-car 634 162
add-car 634 167
add-car 634 212
add-car 634 167
add-car 634 196
add-car 634 193
add-car 634 193
add-station 731 0
add-car 731 185
add-car 731 205
add-car 731 212
add-car 731 214
add-car 731 181
add-car 731 191
add-car 731 171
add-car 731 195
add-car 731 198
add-car 731 174
add-car 731 207
add-station 306 12 170 180 179 137 139 165 138 170 151 163 138 175
add-station 1718 12 111 122 113 124 111 104 116 125 96 125 124 116
add-station 513 18 191 160 200 173 193 204 201 199 177 158 193 156 168 174 190 168 170 186
add-station 1097 16 1437 305 1366 1896 991 712 1124 1523 596 751 672 253 212 338 1868 821
add-station 907 15 193 191 212 180 186 181 210 174 159 175 181 204 190 192 174
add-station 896 11 171 165 176 183 184 178 159 199 186 183 184
add-station 1373 0
add-car 1373 276
add-car 1373 268
add-car 1373 262
add-car 1373 228
add-car 1373 235
add-car 1373 283
add-car 1373 282
add-car 1373 246
add-car 1373 270
add-car 1373 226
add-car 1373 283
add-car 1373 252
add-car 1373 282
add-car 1373 266
add-car 1373 279
add-car 1373 229
add-car 1373 235
add-car 1373 265
add-station 806 16 182 178 197 197 193 163 172 166 191 182 167 164 203 190 191 184
add-station 436 14 174 151 148 170 173 166 160 151 162 195 189 196 170 156
add-station 1270 14 219 267 281 245 259 233 253 272 278 241 287 242 251 249
scrap-car 203 131
add-station 153 15 140 135 124 147 147 115 119 144 140 144 133 148 129 153 135
add-station 1609 0
add-car 1609 168
add-car 1609 149
add-car 1609 177
add-car 1609 174
add-car 1609 166
add-car 1609 147
add-car 1609 175
add-car 1609 185
add-car 1609 188
add-car 1609 149
add-car 1609 159
add-station 1693 0
add-car 1693 139
add-car 1693 112
add-car 1693 133
add-car 1693 128
add-car 1693 136
add-car 1693 132
add-car 1693 124
add-car 1693 122
add-car 1693 119
add-car 1693 109
add-car 1693 116
add-car 1693 114
add-car 1693 121
add-car 1693 105
add-car 1693 103
add-car 1693 114
add-station 382 14 163 149 183 187 172 180 156 174 183 176 145 171 184 176
add-station 715 12 213 174 182 179 173 187 159 173 194 162 201 209
add-station 1283 13 245 249 278 220 219 271 244 230 228 222 227 224 242
add-station 124 10 123 139 113 129 143 142 148 148 126 147
demolish-station 438
add-station 623 13 164 174 209 193 192 206 210 203 209 182 193 197 204
add-station 122 17 133 142 116 120 110 111 128 110 144 131 142 145 133 112 137 125 114
add-station 1536 13 179 219 203 176 206 187 202 214 185 227 219 198 205
add-station 1562 0
add-car 1562 164
add-car 1562 215
add-car 1562 184
add-car 1562 209
add-car 1562 211
add-car 1562 205
add-car 1562 195
add-car 1562 161
add-car 1562 161
add-car 1562 216
add-car 1562 218
add-car 1562 203
add-car 1562 193
add-car 1562 194
add-car 1562 175
add-car 1562 171
add-station 1158 13 269 260 268 254 256 252 270 250 205 247 273 206 206
add-station 1243 16 290 265 225 287 270 273 248 261 234 214 281 268 269 240 253 217
add-station 972 0
add-car 972 177
add-car 972 192
add-car 972 156
add-car 972 161
add-car 972 162
add-car 972 156
add-car 972 209
add-car 972 173
add-car 972 174
add-car 972 203
add-car 972 190
add-car 972 176
add-station 789 17 197 169 172 165 164 199 191 208 199 204 191 204 186 211 160 160 179
add-station 760 16 191 186 170 169 210 199 188 166 192 165 189 177 210 215 207 196
add-car 899 1887
add-station 277 15 161 154 139 172 158 160 176 153 141 144 133 143 155 131 172
add-station 107 13 114 128 139 128 131 141 123 137 116 132 143 122 140
add-station 1909 15 19 22 22 17 23 21 23 19 21 23 20 19 22 17 18
add-station 1750 18 87 107 87 93 94 82 100 84 86 107 95 92 100 96 83 97 104 98
add-station 414 11 150 174 180 189 193 153 173 162 144 168 190
add-station 179 13 153 151 146 159 140 135 157 132 153 136 135 149 146
add-station 1698 16 115 104 107 116 113 109 106 103 110 136 132 113 115 131 111 122
add-station 7 12 98 100 98 91 103 96 121 100 112 105 104 91
add-station 75 15 104 113 126 104 119 122 115 130 137 124 119 107 115 132 116
add-station 1202 18 251 243 212 220 274 263 236 246 222 215 242 210 254 255 278 226 278 217
add-station 1442 18 252 268 242 272 257 218 241 272 257 234 262 249 269 253 275 228 263 230
add-station 1894 13 25 30 29 24 24 30 22 27 27 24 23 28 27
add-station 138 10 144 131 142 123 148 129 111 130 151 111
add-station 1293 18 258 286 273 230 229 219 243 247 277 266 240 283 227 224 258 293 285 236
add-station 1677 11 133 133 135 128 113 143 112 146 111 145 137
add-station 1818 14 65 59 53 64 54 53 56 63 54 60 64 63 58 53
add-station 1870 10 42 34 35 33 34 39 40 33 36 33
add-station 1120 11 205 230 263 244 198 219 214 220 253 228 229
add-station 1907 12 22 22 19 18 19 19 21 20 20 19 22 18
add-station 364 14 139 152 156 148 185 173 169 184 175 164 168 174 181 163
add-station 208 16 141 142 129 125 123 138 149 160 138 135 159 162 129 136 131 147
add-station 1529 11 226 228 176 187 208 191 178 204 238 193 234
add-station 206 15 159 142 121 141 142 143 152 153 155 157 137 123 152 123 135
add-station 1499 15 203 193 227 197 215 243 204 219 253 194 225 193 237 200 215
add-station 1120 12 505 1050 1209 124 1687 652 1138 860 837 1420 299 618
add-station 1153 14 254 265 250 220 262 263 248 240 224 209 229 216 253 265
add-station 184 16 142 137 145 118 150 143 131 127 123 122 144 157 119 123 133 148
add-station 1534 17 203 180 177 200 225 200 204 201 218 203 226 207 214 176 182 182 214
add-station 564 16 185 158 184 199 173 194 202 207 158 163 172 181 193 169 192 195
add-station 1624 12 151 176 159 153 142 172 151 176 174 177 171 143
demolish-station 260
add-station 1066 14 222 220 237 216 201 223 247 189 211 201 242 240 218 216
add-station 1064 10 189 183 206 207 192 223 243 231 186 189
add-station 1885 15 27 34 35 28 32 35 29 30 26 26 27 29 27 35 33
add-station 809 15 183 214 211 172 204 200 212 162 192 161 215 200 200 216 168
add-station 1740 17 89 94 84 88 94 94 101 101 111 109 86 100 108 84 98 109 85
add-station 357 17 178 174 166 181 185 143 156 188 154 175 153 146 140 168 156 144 141
add-station 1223 13 231 226 229 231 280 255 287 222 238 227 248 276 236
add-station 598 18 1200 803 1806 1854 58 1565 1567 488 730 388 1562 1752 1292 1662 977 1824 431 1501
add-station 351 17 162 175 171 140 149 143 164 178 185 174 173 151 152 172 142 151 148
add-station 1051 16 205 231 208 240 224 193 217 180 221 237 226 232 194 192 183 230
add-station 1630 11 145 156 133 170 145 159 169 165 134 154 166
add-station 1288 13 221 254 237 253 271 232 264 266 253 269 292 223 244
scrap-car 677 1904
add-station 1953 16 1 1 1 1 1 1 1 1 1 1 1 1 1 1 1 1
add-station 1220 12 246 287 213 225 239 215 285 279 265 267 239 281
add-station 635 16 178 206 198 180 157 175 173 157 184 157 188 188 187 182 198 206
add-station 945 15 203 164 167 167 189 195 170 204 167 160 166 168 210 173 159
add-station 1418 17 230 219 244 266 267 215 274 261 245 269 273 223 264 234 264 217 256
add-station 365 11 142 141 161 169 184 156 154 187 164 160 151
add-station 1469 13 259 246 223 236 269 205 216 250 271 234 210 245 215
add-station 1543 15 203 226 195 196 170 197 203 229 187 170 183 179 194 214 227
add-station 1916 0
add-car 1916 16
add-car 1916 16
add-car 1916 19
add-car 1916 15
add-car 1916 18
add-car 1916 16
add-car 1916 17
add-car 1916 17
add-car 1916 16
add-car 1916 19
add-car 1916 14
add-car 1916 17
add-car 1916 19
add-car 1916 17
add-station 1422 15 243 246 271 213 237 269 282 261 267 251 259 237 256 284 244
add-station 1381 0
add-car 1381 241
add-car 1381 271
add-car 1381 258
add-car 1381 240
add-car 1381 222
add-car 1381 221
add-car 1381 267
add-car 1381 227
add-car 1381 260
add-car 1381 270
add-car 1381 259
add-car 1381 289
add-car 1381 257
add-car 1381 226
add-station 1009 0
add-car 1009 193
add-car 1009 196
add-car 1009 199
add-car 1009 185
add-car 1009 200
add-car 1009 200
add-car 1009 206
add-car 1009 186
add-car 1009 182
add-car 1009 204
add-car 1009 202
add-station 340 18 185 154 159 179 162 172 152 180 176 141 145 153 170 162 148 141 178 181
add-station 1734 16 90 102 91 92 97 88 97 90 89 107 91 106 106 108 104 87
add-station 1724 11 94 109 109 93 90 119 107 120 94 98 117
add-station 1331 13 286 229 244 262 217 233 292 284 270 225 291 266 277
scrap-car 122 145
add-station 906 14 173 199 160 210 177 205 191 162 188 207 202 178 159 174
add-station 1356 14 227 277 271 237 284 292 281 225 270 264 256 267 263 257
add-station 1284 17 287 218 258 236 285 258 254 258 289 237 260 276 261 238 289 245 236
add-station 1630 16 969 1028 718 919 1004 459 1 635 1050 1812 1367 545 1388 1681 1244 1673
add-station 645 18 182 204 202 204 209 160 208 189 182 173 174 195 188 183 198 209 184 188
add-station 170 14 144 120 118 148 134 116 116 121 142 149 153 127 119 147
add-station 937 18 187 213 157 159 188 202 157 198 169 177 169 195 160 201 178 193 198 157
add-station 1421 10 265 216 262 242 243 215 225 271 279 236
add-station 1874 15 35 32 37 37 35 32 33 30 38 38 30 33 33 30 38
add-station 155 0
add-car 155 122
add-car 155 147
add-car 155 125
add-car 155 126
add-car 155 119
add-car 155 140
add-car 155 135
add-car 155 121
add-car 155 119
add-car 155 127
add-car 155 124
add-car 155 149
add-station 312 11 143 164 161 149 155 166 140 141 169 137 152
add-station 1358 16 246 282 259 284 267 225 288 235 278 266 288 267 243 250 278 273
add-station 1832 12 51 60 61 58 61 50 56 50 56 60 46 61
scrap-car 1470 320
add-station 1692 13 129 115 123 128 111 117 125 126 129 140 136 140 123
add-station 233 15 151 138 139 152 130 139 166 153 138 130 134 155 149 167 139
add-station 1113 18 224 248 224 196 260 239 231 255 230 251 258 244 262 224 244 246 238 213
add-station 1165 16 237 221 266 252 240 232 232 267 225 206 263 269 214 208 218 274
add-station 1384 16 285 256 272 218 267 252 255 282 225 256 242 257 223 251 230 239
add-station 397 12 151 148 189 181 160 185 192 186 169 192 151 178
add-station 724 18 175 203 183 189 167 215 209 163 195 179 202 159 214 180 162 207 170 188
add-station 1853 15 47 51 44 38 43 47 45 39 43 42 44 39 44 38 40
add-station 434 16 180 186 157 159 150 146 156 170 190 181 150 151 181 158 147 188
add-station 54 18 99 103 107 124 132 130 127 101 110 129 123 130 131 103 122 123 132 115
add-station 275 17 175 148 163 148 161 141 133 139 140 164 137 162 161 155 150 137 162
scrap-car 64 101
add-station 879 17 214 179 166 168 189 207 207 180 162 167 200 166 190 209 161 204 203
add-station 1240 15 242 236 231 251 217 290 244 259 226 278 231 240 252 271 262
add-car 127 599
add-station 776 16 163 183 187 214 164 168 171 162 181 203 205 172 161 163 215 209
add-station 1840 12 43 43 47 53 57 50 43 46 44 52 53 45
add-station 1690 0
add-car 1690 123
add-car 1690 132
add-car 1690 140
add-car 1690 127
add-car 1690 125
add-car 1690 126
add-car 1690 138
add-car 1690 140
add-car 1690 131
add-car 1690 132
add-car 1690 138
add-car 1690 118
add-car 1690 126
add-car 1690 113
add-station 600 16 169 175 184 176 188 195 210 169 177 207 180 166 198 191 161 158
add-station 1232 11 240 220 251 277 265 215 283 270 223 233 226
add-station 132 0
add-car 132 135
add-car 132 111
add-car 132 141
add-car 132 124
add-car 132 130
add-car 132 135
add-car 132 142
add-car 132 111
add-car 132 116
add-car 132 116
add-car 132 132
add-car 132 140
add-car 132 111
add-car 132 139
add-car 132 118
add-car 132 113
add-station 1856 16 49 49 42 40 47 44 50 41 41 50 46 42 38 41 45 47
add-station 1492 13 209 253 198 219 206 249 242 209 193 240 218 231 210
add-station 1465 17 257 263 211 244 231 207 236 210 234 252 260 224 264 243 240 208 272
add-station 1102 13 248 234 248 203 231 237 246 209 215 202 227 214 256
add-station 1948 12 3 3 3 3 2 3 2 2 3 3 2 2
add-station 1170 18 237 238 234 251 273 249 244 226 247 268 245 255 248 269 240 256 243 207
add-station 457 15 196 188 167 187 153 147 193 166 175 184 159 177 159 192 198
add-station 631 13 174 209 207 196 170 206 160 188 178 207 166 183 202
add-station 928 12 187 175 210 213 165 197 202 195 213 158 206 191
add-station 1612 18 148 139 141 157 168 148 166 186 173 181 139 173 154 154 141 169 148 186
add-station 874 16 188 178 184 195 174 173 175 176 206 191 212 184 164 205 188 207
add-station 1610 0
add-car 1610 184
add-car 1610 170
add-car 1610 175
add-car 1610 156
add-car 1610 161
add-car 1610 171
add-car 1610 139
add-car 1610 165
add-car 1610 150
add-car 1610 178
add-car 1610 184
add-car 1610 139
add-car 1610 160
add-car 1610 144
add-station 45 18 107 97 97 122 130 123 128 119 96 107 96 120 104 111 117 103 111 126
add-station 1665 17 154 120 116 152 127 137 148 150 128 135 123 154 121 152 149 149 151
add-station 1930 10 11 11 11 10 11 11 11 9 9 12
add-station 964 10 182 195 162 174 204 177 171 198 197 156
scrap-car 1373 282
add-station 1403 12 279 256 229 274 223 285 235 217 224 259 229 280
add-station 1311 15 233 222 269 272 283 286 276 263 258 262 251 232 263 243 251
add-station 1107 15 206 217 222 197 232 194 226 242 235 227 194 218 234 235 252
add-station 52 11 127 101 111 119 101 114 132 116 112 115 106
add-station 962 12 181 165 170 173 211 184 209 201 209 202 174 196
add-station 1859 10 42 39 41 43 39 39 41 36 45 44
add-station 1696 18 116 109 138 112 130 135 120 113 115 124 138 136 135 102 113 129 124 133
add-station 1352 16 285 233 241 243 231 261 219 230 237 226 222 231 256 224 220 279
add-station 1679 16 147 126 118 119 130 142 114 147 142 131 109 118 121 126 143 142
add-station 291 18 151 160 167 143 161 165 163 136 161 135 145 167 153 139 157 178 158 162
demolish-station 1828
add-station 1908 18 19 21 21 22 23 23 17 22 17 19 17 21 21 20 20 18 19 21
add-station 845 12 189 198 200 202 178 196 165 201 174 162 213 193
add-station 432 0
add-car 432 168
add-car 432 193
add-car 432 180
add-car 432 158
add-car 432 151
add-car 432 158
add-car 432 151
add-car 432 168
add-car 432 165
add-car 432 148
add-station 846 10 204 168 188 166 188 210 175 160 205 213
add-station 255 16 138 130 132 158 168 156 161 148 129 159 161 171 162 132 171 167
add-station 554 12 155 196 189 167 189 189 200 191 207 175 169 192
add-station 843 14 181 161 198 198 201 198 212 165 166 182 193 207 213 179
add-car 1948 5
add-car 1947 17
add-car 1953 5
add-car 1930 17
plan-route 1948 203
