add-station 212 11 115 135 126 120 118 116 129 140 126 136 112
add-station 1154 0
add-car 1154 305
add-car 1154 279
add-car 1154 254
add-car 1154 329
add-car 1154 313
add-car 1154 281
add-car 1154 291
add-car 1154 259
add-car 1154 333
add-car 1154 322
add-car 1154 300
add-car 1154 331
add-car 1154 269
add-car 1154 304
add-car 1154 295
add-car 1154 319
add-car 1154 259
add-station 2048 0
add-car 2048 154
add-car 2048 123
add-car 2048 122
add-car 2048 143
add-car 2048 153
add-car 2048 121
add-car 2048 157
add-car 2048 129
add-car 2048 140
add-car 2048 124
add-car 2048 136
add-car 2048 144
add-car 2048 139
add-car 2048 156
add-car 2048 130
add-station 189 18 145 123 143 143 149 112 143 113 152 125 117 141 144 151 123 118 150 115
add-station 416 12 115 112 109 116 107 121 105 114 127 126 113 114
add-station 428 12 103 96 116 95 117 123 106 96 99 111 98 97
add-station 938 14 250 233 274 281 242 229 269 263 227 279 235 258 296 285
add-station 1650 11 224 176 199 228 178 229 204 223 190 220 184
add-station 1488 0
add-car 1488 228
add-car 1488 257
add-car 1488 220
add-car 1488 248
add-car 1488 212
add-car 1488 237
add-car 1488 220
add-car 1488 246
add-car 1488 262
add-car 1488 235
add-car 1488 260
add-car 1488 221
add-car 1488 206
add-car 1488 261
add-car 1488 253
add-car 1488 253
add-car 1488 243
add-station 675 17 180 175 144 146 155 143 148 145 186 147 139 163 151 171 139 142 184
add-station 1439 14 271 275 269 234 277 220 266 235 233 225 271 273 238 244
add-station 2223 15 0 1 1 1 1 0 0 0 1 1 1 0 1 0 0
add-station 1876 17 232 186 204 189 232 239 199 183 205 231 221 177 187 227 215 215 197
add-station 1375 0
add-car 1375 253
add-car 1375 269
add-car 1375 224
add-car 1375 233
add-car 1375 259
add-car 1375 280
add-car 1375 267
add-car 1375 228
add-car 1375 236
add-car 1375 268
add-car 1375 265
add-station 59 11 156 128 129 164 144 137 159 134 162 165 127
add-station 998 11 254 290 312 297 247 303 257 308 275 282 305
add-station 86 14 148 121 135 140 135 133 144 151 144 140 150 156 125 131
add-station 717 17 205 196 180 176 183 180 172 171 178 192 196 195 183 177 173 206 155
add-station 691 16 164 155 155 160 186 185 176 189 164 167 151 153 191 155 157 181
demolish-station 1490
add-station 447 15 111 119 100 115 113 113 124 108 122 121 119 104 94 116 108
add-station 56 13 158 151 141 149 133 158 140 135 126 141 151 126 158
add-station 240 11 127 126 140 132 141 127 122 125 128 136 147
add-station 230 0
add-car 230 121
add-car 230 111
add-car 230 133
add-car 230 112
add-car 230 109
add-car 230 147
add-car 230 136
add-car 230 139
add-car 230 132
add-car 230 121
add-car 230 109
add-car 230 115
add-station 540 19 87 95 103 110 97 101 94 89 116 114 105 94 105 88 112 115 114 105 91
demolish-station 439
add-station 2003 13 176 181 172 167 150 139 163 179 142 158 140 143 139
add-station 2181 0
add-car 2181 45
add-car 2181 38
add-car 2181 46
add-car 2181 45
add-car 2181 35
add-car 2181 38
add-car 2181 36
add-car 2181 36
add-car 2181 43
add-car 2181 44
add-car 2181 37
add-car 2181 41
add-car 2181 37
add-car 2181 37
add-car 2181 45
add-car 2181 36
add-car 2181 43
add-car 2181 45
add-car 2181 41
scrap-car 977 966
add-station 868 18 233 232 234 243 240 228 207 270 221 228 258 266 245 255 272 255 260 253
add-station 852 19 219 227 224 261 205 244 233 245 245 210 226 257 228 242 230 220 211 262 264
add-station 470 13 111 105 102 113 106 112 94 119 110 103 109 104 114
add-station 2102 18 115 105 103 112 99 120 94 92 94 96 118 106 92 111 111 94 96 118
add-station 1333 11 289 260 258 262 267 250 258 255 258 237 295
scrap-car 2223 2225
add-station 1574 12 193 203 236 236 241 242 254 198 195 211 225 223
demolish-station 1439
add-station 1430 12 246 246 270 240 268 234 248 292 271 261 274 287
add-station 1357 11 261 239 291 277 299 283 275 292 249 255 256
add-station 1590 19 200 236 186 199 230 215 230 190 249 216 237 199 202 224 192 241 252 197 243
add-station 1129 19 268 305 314 285 329 277 298 265 304 320 278 257 262 290 258 321 310 303 254
add-station 1929 12 185 178 196 195 186 222 194 199 191 198 217 209
add-station 1155 18 268 253 278 328 281 312 312 257 326 319 262 251 333 295 278 273 256 320
add-station 855 18 236 235 231 230 212 254 214 216 249 232 249 238 205 245 236 200 252 230
add-station 944 17 276 277 237 247 272 244 279 282 235 252 294 281 265 281 234 237 280
add-station 503 16 99 97 118 106 116 100 119 110 115 119 95 107 108 93 119 115
add-station 1721 11 210 205 241 220 197 221 179 215 226 230 221
add-station 2215 13 9 9 10 7 8 9 7 9 9 10 9 8 8
add-station 677 18 187 146 139 163 166 153 172 166 167 169 170 174 169 167 166 162 185 184
demolish-station 2031
add-station 2122 16 91 102 98 92 91 90 86 77 103 90 89 98 98 76 103 82
add-station 217 0
add-car 217 135
add-car 217 116
add-car 217 112
add-car 217 135
add-car 217 129
add-car 217 138
add-car 217 138
add-car 217 130
add-car 217 119
add-car 217 113
add-car 217 113
add-car 217 134
add-car 217 118
add-station 1114 12 253 339 307 267 264 254 265 270 302 287 316 288
plan-route 2223 56
add-station 1212 17 252 326 280 287 249 325 287 309 302 255 295 255 244 326 298 277 274
add-station 252 15 122 135 142 112 114 109 127 119 111 128 123 108 120 136 114
add-station 1981 13 180 154 190 153 151 191 166 171 174 186 175 199 159
scrap-car 1081 1090
add-station 1206 12 283 270 322 330 288 246 307 262 272 287 261 287
add-station 566 18 102 104 100 122 90 117 115 102 119 106 112 106 118 92 93 118 101 119
add-station 1329 18 274 276 264 284 231 281 304 305 312 256 300 309 253 290 268 253 295 244
add-station 1467 17 271 255 256 221 248 253 246 230 235 221 211 263 210 272 221 213 224
add-station 199 16 133 143 149 122 113 128 140 151 118 114 116 138 116 126 125 132
add-station 1597 11 231 216 187 201 199 217 215 203 233 231 244
add-station 700 11 198 159 162 178 187 188 191 195 160 163 188
add-station 465 14 97 111 96 120 101 94 100 103 92 105 117 116 118 124
add-station 167 16 138 132 123 133 140 131 137 140 151 151 145 127 115 129 128 125
add-station 1716 16 230 187 206 180 197 190 233 219 178 197 190 230 205 184 182 218
demolish-station 428
add-station 1286 19 236 248 280 243 286 277 266 260 297 239 270 316 306 302 280 311 271 242 307
add-station 82 16 161 125 152 123 128 128 123 156 122 128 153 130 132 142 138 141
add-station 116 0
add-car 116 136
add-car 116 141
add-car 116 157
add-car 116 155
add-car 116 156
add-car 116 151
add-car 116 155
add-car 116 121
add-car 116 128
add-car 116 127
add-car 116 129
add-car 116 120
add-car 116 133
add-car 116 147
add-station 198 14 113 122 121 119 115 139 150 129 151 136 141 139 129 147
add-station 1494 12 248 241 256 247 214 267 235 260 210 274 255 246
add-station 1926 13 184 194 174 218 195 217 212 214 178 182 185 174 173
add-station 280 13 138 134 113 117 122 115 114 116 114 111 107 130 135
add-station 1498 14 268 209 242 264 271 226 211 212 264 213 223 214 267 271
add-station 2152 17 58 70 72 68 68 63 60 58 74 56 71 59 66 67 62 65 57
add-station 1328 16 260 302 305 236 233 232 252 231 270 308 305 284 291 235 234 292
add-station 1505 12 232 208 264 256 238 255 268 247 241 208 223 224
add-station 1368 14 254 259 304 304 264 240 231 252 248 249 287 240 284 288
add-station 1790 16 199 202 188 213 193 187 205 236 191 236 201 208 214 229 211 201
add-station 637 15 158 164 163 139 129 123 130 127 134 159 150 143 140 130 137
add-station 1486 12 234 263 206 263 264 214 257 273 215 222 227 245
add-station 1187 18 248 250 247 283 286 267 284 329 286 273 262 317 284 328 263 313 265 331
demolish-station 643
add-station 682 12 180 165 169 173 152 144 175 183 148 179 169 174
add-station 579 19 130 122 96 117 121 107 110 96 114 104 108 104 120 120 124 104 97 129 114
add-station 623 19 133 121 148 157 137 137 155 150 138 140 121 136 154 132 125 124 124 156 141
add-station 915 15 241 256 221 217 257 275 253 267 254 234 230 270 286 285 265
add-station 1368 14 1879 527 71 408 1704 1239 924 68 1470 998 265 272 666 831
add-station 553 11 101 96 109 110 115 101 90 95 110 93 94
add-station 1906 18 196 207 176 172 196 221 203 222 228 204 219 171 220 209 224 217 207 216
add-station 23 16 127 134 147 130 166 146 126 151 165 155 159 131 152 159 149 149
scrap-car 1155 278
add-station 1216 0
add-car 1216 274
add-car 1216 260
add-car 1216 330
add-car 1216 291
add-car 1216 304
add-car 1216 280
add-car 1216 247
add-car 1216 298
add-car 1216 301
add-car 1216 294
add-car 1216 327
add-car 1216 312
add-car 1216 252
add-car 1216 325
add-car 1216 324
add-car 1216 313
add-car 1216 325
add-car 1216 307
add-car 1216 269
add-station 1729 13 218 187 198 184 216 190 227 218 184 195 188 188 206
add-station 1864 12 230 216 200 221 185 185 238 183 193 217 226 183
add-station 406 18 109 121 106 107 101 99 104 113 96 118 123 124 130 100 101 107 124 108
add-station 195 14 118 114 143 121 114 151 148 126 133 114 144 135 134 120
add-station 1817 18 197 232 242 224 245 228 202 246 213 230 216 230 222 201 233 214 230 220
add-station 1000 17 270 314 257 269 242 293 310 306 237 290 242 274 270 278 256 247 304
add-station 663 17 168 170 164 164 133 156 155 147 167 154 178 172 169 160 134 145 164
add-station 1228 14 255 259 313 280 294 258 310 303 257 256 246 256 305 296
scrap-car 59 162
add-station 53 17 148 131 153 153 150 135 126 166 133 145 141 164 159 160 147 145 149
add-station 1781 12 234 240 205 184 235 209 219 241 241 227 249 223
add-station 2192 13 32 34 33 27 28 28 26 29 33 28 31 35 29
add-station 1439 16 289 218 228 267 278 218 277 251 275 288 244 253 247 248 284 289
add-station 1006 18 304 240 245 261 264 239 300 305 309 249 319 251 280 291 267 294 257 254
scrap-car 1228 1774
add-station 601 18 120 116 135 128 115 130 122 130 118 109 125 114 106 129 109 143 133 137
add-station 728 14 159 158 198 190 165 211 184 161 165 209 189 206 207 173
demolish-station 1212
add-station 28 19 164 156 166 135 158 157 148 158 129 159 131 134 159 127 162 154 154 142 142
add-station 933 15 284 274 231 256 275 247 283 226 278 236 237 227 263 234 296
add-station 1537 15 249 220 206 227 253 236 217 251 254 217 252 222 244 224 197
add-station 263 16 127 138 132 123 138 114 137 113 133 122 120 135 125 125 114 132
add-station 406 13 140 394 848 634 1109 491 581 366 469 47 1566 48 1575
add-station 671 13 144 159 157 137 181 161 148 153 161 149 140 169 155
add-station 2009 11 158 161 140 174 161 160 156 179 144 144 167
add-station 696 0
add-car 696 194
add-car 696 164
add-car 696 193
add-car 696 197
add-car 696 166
add-car 696 155
add-car 696 155
add-car 696 173
add-car 696 184
add-car 696 194
add-car 696 179
add-car 696 163
add-car 696 191
add-car 696 173
add-car 696 194
add-car 696 181
add-station 1103 19 262 297 341 322 304 322 279 311 281 295 335 307 295 290 318 256 337 301 259
add-station 1159 13 279 336 264 327 303 257 318 301 334 251 331 274 253
add-station 2110 13 111 100 101 108 96 113 98 113 110 106 91 93 92
add-station 408 19 105 112 99 106 126 107 96 108 110 96 120 127 102 102 105 127 123 109 117
scrap-car 2223 0
add-station 1973 13 184 192 205 151 181 196 154 157 167 172 205 187 195
add-station 555 16 86 103 95 103 106 104 95 99 90 111 88 112 107 88 114 109
add-station 1995 17 186 162 178 176 169 152 153 174 163 193 156 146 180 159 154 143 165
add-station 2143 11 69 83 77 73 74 79 72 72 76 65 70
add-station 635 18 150 159 141 121 154 142 124 132 124 133 121 159 139 131 152 159 147 126
add-station 537 18 92 94 117 99 87 87 101 112 98 95 101 108 117 93 107 109 93 99
add-station 914 14 258 242 256 278 281 281 217 251 264 274 249 273 234 237
add-station 1082 18 295 255 268 257 276 295 282 252 254 318 320 304 259 316 322 267 303 274
add-station 1571 15 206 202 191 240 199 190 234 240 231 233 221 194 220 248 235
add-station 60 11 156 128 149 165 160 129 148 146 139 131 166
add-station 2075 18 119 136 105 110 127 134 125 123 133 132 132 119 136 112 111 115 110 141
add-station 757 17 205 218 194 176 212 181 209 199 212 187 178 202 209 180 202 197 222
add-station 574 11 116 118 108 113 97 111 110 122 110 123 98
add-station 402 17 104 109 101 99 116 97 114 113 116 125 116 123 115 110 130 119 107
add-station 1694 13 194 207 219 209 179 190 225 219 222 237 228 204 210
add-station 236 13 145 144 136 142 119 110 109 119 121 143 112 126 140
add-station 1461 18 225 213 242 221 231 257 255 215 283 225 267 263 216 213 280 230 229 284
add-station 1852 11 244 227 222 241 221 183 227 216 183 210 230
add-station 1940 15 198 194 187 210 186 177 196 166 180 175 205 210 176 215 167
add-station 1611 19 205 230 210 202 190 215 214 244 230 246 182 233 227 235 231 187 236 235 203
add-station 2150 13 65 64 72 62 69 77 59 70 67 72 64 63 61
add-station 1051 15 320 266 278 265 287 247 258 296 323 303 278 310 291 312 244
add-station 1102 13 312 288 307 294 262 293 336 284 320 257 268 286 265
add-station 640 15 124 142 142 137 130 152 157 158 136 130 153 162 133 142 138
add-station 1105 15 318 324 260 313 309 312 307 332 325 319 339 273 327 303 334
add-station 119 19 122 139 121 137 137 139 138 158 118 118 124 153 150 152 137 137 152 136 118
add-station 1416 13 255 240 294 285 289 278 228 273 238 225 266 262 239
add-station 1050 11 256 272 318 275 299 278 276 279 273 264 262
add-car 1950 1269
add-station 2147 12 73 59 75 60 74 61 78 74 67 76 60 65
add-station 1646 14 227 174 180 215 221 174 232 189 232 222 195 179 201 209
add-station 821 16 235 237 203 244 238 198 193 247 250 190 231 213 192 208 202 252
add-station 352 11 123 105 101 131 108 128 129 105 110 125 124
add-station 1075 14 265 305 296 322 249 311 306 283 266 307 266 331 300 278
add-station 1168 17 249 329 279 254 271 287 320 248 326 333 286 256 312 298 294 271 328
add-car 1381 580
add-station 923 0
add-car 923 270
add-car 923 253
add-car 923 241
add-car 923 239
add-car 923 286
add-car 923 231
add-car 923 245
add-car 923 295
add-car 923 259
add-car 923 224
add-car 923 252
add-car 923 267
add-car 923 257
add-car 923 235
add-car 923 293
add-station 175 0
add-car 175 123
add-car 175 122
add-car 175 145
add-car 175 124
add-car 175 152
add-car 175 150
add-car 175 129
add-car 175 145
add-car 175 129
add-car 175 133
add-car 175 148
add-car 175 120
add-station 1210 17 294 304 324 250 265 328 327 263 311 275 287 292 281 269 268 310 322
add-station 2081 17 129 106 110 125 104 120 125 101 117 129 111 131 119 108 127 113 110
add-station 1724 14 223 224 199 213 223 230 232 183 217 199 224 189 194 209
add-station 1932 11 181 181 168 210 174 201 197 219 211 174 215
add-station 332 15 119 137 120 124 126 134 129 107 124 121 109 129 118 111 111
add-car 1494 245
add-station 214 13 150 112 143 112 150 136 137 137 136 150 122 112 127
add-station 295 11 124 112 136 119 120 124 109 111 110 132 106
add-station 2175 15 39 45 46 44 52 40 39 48 46 46 52 43 42 44 48
add-station 2189 14 28 32 28 34 37 35 30 29 38 35 34 28 35 29
add-station 659 14 172 149 174 144 165 160 158 175 150 131 135 143 172 138
add-station 469 12 93 100 114 98 121 124 111 100 121 112 123 106
add-station 1038 16 260 270 255 327 296 264 284 276 253 266 293 247 305 312 265 250
add-station 298 16 131 108 129 112 140 141 138 136 120 119 141 138 113 136 126 131
add-station 2155 18 71 68 54 58 71 58 61 71 73 68 67 64 53 66 72 53 56 63
add-station 1242 11 265 282 319 269 250 301 245 315 243 258 250
scrap-car 1827 844
add-station 705 17 157 160 157 155 186 194 197 151 190 181 158 174 190 177 195 170 160
add-station 2106 12 94 106 116 109 117 110 102 88 111 100 114 111
add-station 1152 12 268 329 335 293 311 338 261 296 310 292 274 250
add-station 248 17 132 133 126 132 117 134 146 125 136 139 115 129 115 117 113 132 125
add-station 35 19 148 168 161 132 150 139 146 162 143 131 144 153 162 142 159 143 129 131 151
add-station 587 0
add-car 587 122
add-car 587 112
add-car 587 105
add-car 587 103
add-car 587 113
add-car 587 106
add-car 587 122
add-car 587 104
add-car 587 109
add-car 587 113
add-car 587 123
add-car 587 107
add-car 587 118
add-car 587 128
add-car 587 107
add-car 587 104
add-car 587 106
add-station 2174 13 46 49 48 41 54 46 43 42 50 43 43 45 41
add-station 668 16 144 135 168 157 149 167 145 175 171 182 146 174 160 151 171 157
add-station 916 13 284 288 280 274 244 283 226 271 243 287 291 253 247
add-station 1885 11 234 213 199 213 229 180 237 221 196 185 200
add-car 1781 207
add-station 5 16 162 155 130 142 146 131 132 137 146 171 137 127 161 141 130 172
add-station 43 18 161 163 162 142 163 167 138 152 133 152 128 124 129 125 150 137 136 128
add-station 768 15 216 189 177 188 213 185 180 173 221 205 192 228 205 211 221
plan-route 2181 175
demolish-station 199
add-station 1895 12 219 213 221 214 220 204 196 190 212 219 192 209
add-station 1811 14 230 220 188 189 185 185 204 205 239 227 212 200 197 202
demolish-station 1051
add-station 1999 12 185 149 153 158 188 151 171 162 167 177 158 170
add-station 1586 13 206 224 253 206 193 251 220 245 219 224 203 235 195
add-station 1219 16 293 326 274 326 269 247 268 286 303 330 248 251 322 311 256 244
add-station 2203 13 19 23 21 23 17 20 22 18 22 19 22 22 22
add-station 161 15 149 152 136 151 136 133 128 152 116 145 115 152 121 134 130
add-station 48 0
add-car 48 160
add-car 48 135
add-car 48 161
add-car 48 155
add-car 48 149
add-car 48 140
add-car 48 129
add-car 48 154
add-car 48 130
add-car 48 128
add-car 48 151
add-car 48 152
add-car 48 132
add-car 48 138
add-car 48 161
add-car 48 166
add-car 48 134
add-car 48 124
add-car 48 165
add-station 382 16 103 129 111 118 129 124 104 130 130 118 132 115 106 120 109 119
add-station 1352 17 276 267 234 266 304 296 280 243 251 297 259 238 287 228 263 250 235
add-station 1593 17 250 245 204 241 237 221 204 235 229 245 189 211 236 204 249 197 220
add-car 2223 8
add-car 2215 12
plan-route 2203 406
