add-station 1805 0
add-car 1805 370
add-car 1805 358
add-car 1805 353
add-car 1805 458
add-car 1805 389
add-car 1805 455
add-car 1805 364
add-car 1805 371
add-car 1805 407
add-car 1805 355
add-car 1805 466
add-car 1805 467
add-car 1805 427
add-car 1805 372
add-car 1805 437
add-car 1805 358
add-car 1805 453
add-car 1805 424
add-car 1805 351
add-station 2883 17 212 247 226 261 250 214 275 256 220 232 218 224 280 232 248 276 224
add-station 3923 25 3 2 2 2 2 2 2 2 2 3 2 2 3 2 2 3 2 3 2 3 2 2 2 2 3
add-station 3817 20 9 11 10 9 10 10 9 10 9 9 10 11 10 11 12 12 10 9 10 11
scrap-car 2567 127
add-station 3897 20 3 3 5 5 4 5 5 4 3 5 4 5 5 4 5 4 4 4 5 5
scrap-car 1805 364
add-station 808 23 106 83 84 104 84 102 103 104 79 98 88 93 99 93 107 91 102 96 98 91 82 102 104
add-station 1201 0
add-car 1201 179
add-car 1201 168
add-car 1201 212
add-car 1201 204
add-car 1201 213
add-car 1201 172
add-car 1201 198
add-car 1201 216
add-car 1201 212
add-car 1201 214
add-car 1201 216
add-car 1201 182
add-car 1201 181
add-car 1201 180
add-car 1201 187
add-car 1201 178
add-station 3519 19 56 50 66 56 55 57 52 62 62 59 62 53 60 59 64 49 57 58 54
add-station 773 23 87 91 108 96 89 95 81 105 102 100 102 106 90 80 85 108 109 106 99 88 97 89 107
add-station 3057 24 194 188 185 225 183 223 170 183 209 175 208 193 169 209 228 179 188 220 210 197 220 222 183 179
add-station 2372 22 356 312 379 348 375 407 407 403 341 330 390 339 334 381 361 364 343 415 417 318 320 369
add-station 2460 19 375 350 390 361 319 333 341 383 360 304 369 346 340 369 350 381 393 373 320
add-station 2013 19 492 457 402 435 496 437 428 394 389 448 464 478 511 440 470 478 504 499 398
add-station 2216 16 425 431 409 412 381 352 366 410 347 377 344 372 388 451 396 382
add-station 1513 16 350 304 328 280 299 344 278 352 336 299 311 277 280 316 363 291
add-station 2191 23 438 450 354 371 444 424 405 403 456 436 383 392 426 442 461 412 423 446 388 364 347 415 372
add-station 1016 0
add-car 1016 80
add-car 1016 81
add-car 1016 98
add-car 1016 86
add-car 1016 98
add-car 1016 92
add-car 1016 108
add-car 1016 109
add-car 1016 85
add-car 1016 88
add-car 1016 104
add-car 1016 100
add-car 1016 100
add-car 1016 105
add-car 1016 92
add-car 1016 93
add-car 1016 102
add-car 1016 99
add-car 1016 95
add-car 1016 100
add-car 1016 104
add-car 1016 91
add-car 1016 92
add-car 1016 87
add-station 3771 25 17 15 13 13 13 16 15 13 13 17 17 18 15 18 18 14 18 16 14 13 15 15 17 13 16
add-station 820 0
add-car 820 96
add-car 820 107
add-car 820 103
add-car 820 93
add-car 820 84
add-car 820 79
add-car 820 96
add-car 820 95
add-car 820 79
add-car 820 101
add-car 820 102
add-car 820 95
add-car 820 96
add-car 820 81
add-car 820 95
add-car 820 104
add-car 820 93
add-car 820 80
add-car 820 94
add-car 820 83
add-car 820 86
add-car 820 106
add-station 827 25 101 79 83 102 103 87 97 86 102 103 84 88 80 103 94 82 80 100 102 81 105 86 87 98 79
scrap-car 3897 5
add-station 731 16 102 82 85 95 108 85 104 90 89 105 85 98 105 111 103 102
add-station 713 0
add-car 713 105
add-car 713 98
add-car 713 106
add-car 713 93
add-car 713 84
add-car 713 110
add-car 713 111
add-car 713 90
add-car 713 82
add-car 713 85
add-car 713 105
add-car 713 90
add-car 713 96
add-car 713 106
add-car 713 109
add-car 713 103
add-car 713 101
add-car 713 98
add-car 713 111
add-car 713 86
add-car 713 89
add-station 157 19 132 103 115 119 103 120 102 132 129 113 102 105 135 128 107 109 134 113 116
add-station 3151 20 169 159 183 166 170 146 142 148 152 143 165 161 166 176 168 144 145 142 176 169
add-station 1051 18 98 116 131 104 113 98 116 101 129 101 102 126 124 128 124 128 112 108
add-station 2975 22 254 232 229 256 200 237 222 205 238 199 258 241 204 260 211 244 205 199 257 196 198 206
add-station 1941 24 411 494 380 475 383 480 454 413 467 376 443 454 444 474 377 453 489 466 480 468 495 500 419 379
add-station 2914 15 222 269 222 261 266 265 266 248 218 219 239 268 239 213 208
add-station 1740 24 450 428 346 433 393 337 410 448 379 446 418 413 365 440 437 386 368 426 437 351 370 390 385 372
add-car 3817 9
add-station 2630 23 336 332 299 323 321 300 293 263 343 282 262 270 296 335 289 307 314 339 335 322 308 293 260
add-station 2739 22 317 288 263 298 288 318 322 317 263 285 245 314 270 249 271 249 256 309 287 268 287 263
add-station 3507 17 57 62 65 53 67 51 64 60 67 55 56 51 69 64 59 53 59
add-station 3849 18 9 8 9 7 8 8 8 8 9 9 9 8 7 8 7 8 9 8
add-station 1032 23 103 103 98 106 88 107 105 113 107 101 97 104 104 102 98 99 115 100 101 105 95 95 113
add-station 3275 21 103 126 133 116 121 113 131 125 139 127 110 111 131 108 122 123 129 133 109 134 134
add-station 3312 23 96 119 101 110 117 116 103 101 112 123 102 121 109 115 104 112 95 123 120 101 110 117 108
add-station 1045 21 110 126 124 104 111 107 112 115 99 109 101 122 118 112 107 98 101 120 121 122 100
add-station 905 22 87 103 98 85 79 83 93 90 80 92 76 81 86 96 88 92 102 88 84 90 76 88
add-station 3864 17 6 7 5 5 6 7 7 7 8 6 5 8 5 5 8 8 6
add-car 3513 784
add-station 1382 21 235 294 235 297 297 283 241 254 294 279 288 242 298 259 298 255 297 294 252 255 280
add-station 2463 23 379 320 295 302 318 377 319 343 366 323 322 317 338 329 372 313 303 368 375 375 334 382 362
add-station 1330 24 229 235 269 250 278 218 283 267 231 230 215 276 211 211 238 218 229 254 234 245 221 239 235 255
add-station 756 18 85 92 109 87 101 101 107 96 81 85 97 96 86 100 84 84 89 97
add-station 1 19 108 140 114 110 122 119 121 120 142 116 110 124 122 140 116 144 123 133 110
add-station 194 22 136 106 124 112 129 101 122 136 108 133 104 109 117 113 101 118 130 102 104 118 121 112
add-station 539 0
add-car 539 114
add-car 539 110
add-car 539 98
add-car 539 100
add-car 539 102
add-car 539 106
add-car 539 98
add-car 539 118
add-car 539 112
add-car 539 109
add-car 539 109
add-car 539 118
add-car 539 89
add-car 539 90
add-car 539 90
add-car 539 103
add-car 539 96
add-car 539 112
add-car 539 93
add-car 539 96
add-station 3972 19 0 0 0 1 0 0 0 1 1 0 0 1 1 0 1 0 1 1 1
add-station 1909 25 384 415 425 487 421 480 479 472 378 407 404 431 420 439 488 398 381 495 399 481 413 496 472 446 410
scrap-car 157 107
add-station 3188 20 170 152 128 129 167 130 154 143 155 138 173 136 160 156 158 128 160 163 173 149
plan-route 713 3923
demolish-station 2216
add-station 3875 22 6 6 7 6 7 7 7 7 7 7 6 6 6 6 5 7 6 7 7 7 5 6
add-station 3269 18 122 115 128 106 109 128 105 122 130 111 128 107 129 113 139 129 142 127
add-station 2867 21 251 226 268 223 266 214 238 250 257 237 215 285 246 255 244 278 285 252 226 215 286
add-station 273 18 115 123 115 125 113 108 119 125 117 122 100 99 125 112 132 129 123 124
add-station 2455 21 327 293 329 356 294 293 354 387 315 325 369 377 353 315 320 347 301 324 392 397 367
add-station 2602 18 285 302 323 353 312 356 356 346 312 341 321 349 300 345 300 290 300 358
add-station 910 15 85 96 89 91 88 82 85 84 89 96 102 99 95 89 87
add-station 3519 21 2000 3120 2300 65 2748 3300 3971 1909 2368 510 3668 2794 2652 1039 2516 3077 3595 603 3889 1424 102
add-station 369 18 96 95 106 105 100 110 96 114 109 104 123 99 113 111 101 122 102 100
add-station 1185 19 184 198 159 208 201 196 207 183 192 205 181 191 205 186 156 188 186 206 186
add-station 1702 18 373 419 344 366 412 402 388 415 415 374 345 366 339 424 428 331 367 362
scrap-car 3151 152
add-station 1792 15 423 397 344 453 461 466 388 430 386 444 446 362 445 373 451
scrap-car 1 127
add-station 2602 15 2821 3794 2285 2836 3029 633 1344 1622 634 1691 2065 3751 3849 3834 2202
add-station 3905 19 3 3 4 3 3 4 3 4 4 3 4 4 3 3 3 4 4 4 3
add-station 3226 25 143 119 134 155 117 142 129 129 142 146 139 133 157 155 117 136 122 148 157 119 150 124 134 119 125
scrap-car 1805 358
add-station 2762 15 264 238 268 278 306 301 263 282 236 286 296 262 295 300 310
add-station 189 22 129 101 102 111 126 113 125 118 103 105 112 137 135 135 134 119 102 106 106 123 127 119
add-station 382 22 116 112 98 123 103 102 117 125 126 116 109 109 123 120 102 99 104 107 104 94 114 116
add-station 3514 17 59 51 59 65 54 60 66 67 61 52 54 54 64 53 54 67 54
add-station 3782 0
add-car 3782 14
add-car 3782 12
add-car 3782 12
add-car 3782 14
add-car 3782 15
add-car 3782 13
add-car 3782 14
add-car 3782 13
add-car 3782 12
add-car 3782 14
add-car 3782 12
add-car 3782 14
add-car 3782 16
add-car 3782 17
add-car 3782 17
add-car 3782 13
add-car 3782 13
add-car 3782 13
add-car 3782 16
add-car 3782 12
add-car 3782 16
add-car 3782 14
add-car 3782 12
add-station 2614 23 301 311 283 273 310 307 297 348 276 337 322 334 341 312 355 286 312 330 355 321 322 309 303
plan-route 3972 189
add-station 1393 23 290 261 268 291 316 268 259 295 271 264 274 281 254 283 278 236 249 305 307 248 295 315 307
add-station 744 20 88 85 104 81 89 106 83 99 90 90 95 110 99 109 83 109 100 95 91 84
add-station 3152 18 158 185 174 175 186 160 169 165 151 178 183 146 155 143 177 186 184 175
add-station 759 19 97 109 102 90 85 94 109 92 87 84 86 107 88 90 101 82 97 88 109
scrap-car 731 102
add-station 2207 24 363 403 448 368 390 438 384 381 341 396 426 398 425 382 418 366 366 370 456 439 366 446 401 351
add-car 773 90
add-station 2253 15 372 348 431 407 376 404 341 390 350 363 363 332 358 381 385
add-station 3826 0
add-car 3826 10
add-car 3826 11
add-car 3826 10
add-car 3826 11
add-car 3826 11
add-car 3826 8
add-car 3826 11
add-car 3826 10
add-car 3826 10
add-car 3826 10
add-car 3826 11
add-car 3826 10
add-car 3826 10
add-car 3826 10
add-car 3826 9
add-car 3826 10
add-car 3826 10
add-car 3826 8
add-car 3826 8
add-car 3826 10
add-station 2760 25 265 238 235 252 309 301 293 315 282 255 260 287 305 305 275 270 263 265 308 314 242 313 243 249 250
add-station 2477 0
add-car 2477 299
add-car 2477 350
add-car 2477 302
add-car 2477 302
add-car 2477 324
add-car 2477 330
add-car 2477 289
add-car 2477 339
add-car 2477 377
add-car 2477 372
add-car 2477 332
add-car 2477 301
add-car 2477 389
add-car 2477 368
add-car 2477 322
add-car 2477 377
add-car 2477 346
add-car 2477 294
add-car 2477 367
add-station 3700 18 21 28 22 24 24 24 21 22 27 29 26 22 29 29 27 24 27 25
add-station 760 23 83 105 104 100 99 103 106 100 96 90 98 93 96 106 89 103 89 95 99 85 86 89 89
add-station 240 23 111 128 117 119 113 104 117 117 106 102 134 115 114 110 116 132 123 110 115 106 117 112 124
add-station 1557 19 298 331 380 287 346 381 354 326 323 367 383 344 304 339 285 382 301 328 327
add-station 2872 19 269 245 269 255 222 277 250 268 251 215 217 277 268 233 261 264 267 279 268
add-station 100 20 114 138 117 138 127 114 104 118 105 106 136 124 130 141 112 114 110 121 125 141
add-station 426 15 114 106 101 124 100 115 118 92 105 122 106 108 114 107 99
add-station 173 21 136 128 124 119 134 118 136 121 113 118 102 117 115 112 131 125 106 107 126 130 106
add-station 2660 17 303 255 343 295 266 263 305 282 263 254 265 256 262 303 323 325 307
add-station 2320 24 387 399 395 390 325 374 417 403 348 372 423 329 336 395 335 431 339 427 355 381 396 332 371 416
add-station 398 21 127 110 99 107 102 103 108 115 102 93 124 108 97 112 127 97 118 93 116 97 118
add-station 1501 17 312 294 358 322 347 274 363 279 353 295 354 331 311 299 311 312 340
add-station 503 23 90 116 102 97 112 98 100 98 103 113 108 100 101 114 114 91 115 113 112 99 96 103 97
add-station 2754 22 294 254 319 311 242 255 269 300 236 317 255 277 291 280 293 274 313 270 314 261 258 253
add-station 1666 16 368 355 420 358 387 315 352 384 366 385 348 342 322 396 412 326
add-station 2402 23 305 326 400 408 366 309 352 367 359 327 375 365 350 367 308 363 347 381 380 406 393 313 396
add-station 3013 15 194 218 213 238 193 232 236 192 236 212 240 240 187 209 214
add-station 3569 17 54 50 51 54 53 52 43 49 54 44 45 52 51 54 43 43 41
add-station 3268 19 106 114 125 113 115 133 126 117 126 134 139 120 124 115 111 118 121 106 141
scrap-car 1199 791
add-station 313 23 113 121 104 105 125 125 97 117 119 113 98 131 111 106 126 118 127 98 127 120 118 127 106
add-station 989 18 81 89 80 94 74 83 94 76 78 89 75 88 99 80 98 75 92 94
add-station 1492 21 341 283 328 288 287 337 300 305 320 338 299 273 275 344 347 281 347 310 331 271 347
add-station 1007 25 83 102 89 81 93 98 100 81 98 100 91 81 87 101 77 90 91 97 92 92 98 87 82 91 87
add-station 2772 0
add-car 2772 246
add-car 2772 302
add-car 2772 279
add-car 2772 277
add-car 2772 245
add-car 2772 251
add-car 2772 312
add-car 2772 244
add-car 2772 296
add-car 2772 266
add-car 2772 242
add-car 2772 280
add-car 2772 232
add-car 2772 244
add-car 2772 253
add-car 2772 261
add-car 2772 236
add-car 2772 306
add-car 2772 271
add-car 2772 241
add-car 2772 276
add-car 2772 306
add-car 2772 307
add-car 2772 305
add-station 1434 17 325 256 256 254 285 333 327 248 314 314 319 249 283 282 301 269 278
add-station 2502 23 356 356 286 291 346 380 314 290 285 383 356 304 346 360 314 384 371 287 337 329 318 300 319
add-station 130 20 139 117 114 140 121 130 123 126 132 107 118 124 121 122 110 110 112 116 115 106
demolish-station 3268
add-station 2181 23 464 394 426 394 367 400 428 352 454 456 456 423 420 378 357 432 456 379 361 346 398 404 467
add-station 2489 20 383 335 311 297 363 333 383 315 308 299 318 356 311 376 387 319 307 340 352 291
add-station 3834 19 10 9 9 9 8 10 10 8 8 10 9 8 10 9 9 9 8 8 9
demolish-station 1393
add-station 1979 24 456 478 378 391 384 483 453 478 442 426 396 406 390 462 467 506 394 410 378 414 503 404 509 487
add-station 2845 16 261 285 230 228 292 293 290 238 279 259 238 271 241 230 219 254
scrap-car 3516 947
add-station 781 21 83 108 102 94 100 94 107 89 90 105 100 90 103 84 90 99 98 92 105 92 80
add-station 3803 20 10 10 13 14 12 13 10 14 14 11 12 10 12 14 13 14 11 12 14 14
add-station 1729 0
add-car 1729 409
add-car 1729 338
add-car 1729 424
add-car 1729 389
add-car 1729 432
add-car 1729 366
add-car 1729 353
add-car 1729 346
add-car 1729 377
add-car 1729 362
add-car 1729 348
add-car 1729 429
add-car 1729 367
add-car 1729 380
add-car 1729 419
add-car 1729 412
add-car 1729 401
add-car 1729 345
add-car 1729 368
add-car 1729 418
add-car 1729 385
add-station 3868 17 6 5 6 7 7 5 7 5 6 5 6 6 6 5 6 5 6
add-station 1769 20 361 443 405 402 426 433 441 364 424 417 360 409 457 392 411 433 401 369 384 456
add-station 1881 16 440 438 482 479 397 421 458 433 387 465 477 369 466 477 398 465
add-station 96 18 121 139 135 112 127 113 134 108 108 106 135 134 111 109 104 115 132 112
add-station 2123 18 460 370 389 386 465 461 409 453 440 366 482 452 441 410 394 478 438 461
add-station 726 0
add-car 726 102
add-car 726 100
add-car 726 82
add-car 726 109
add-car 726 84
add-car 726 97
add-car 726 89
add-car 726 101
add-car 726 107
add-car 726 89
add-car 726 95
add-car 726 103
add-car 726 109
add-car 726 94
add-car 726 105
add-car 726 102
add-car 726 88
add-car 726 98
add-car 726 109
add-car 726 91
add-car 726 99
add-car 726 106
add-car 726 94
add-car 726 90
add-station 2344 15 403 412 322 324 334 421 383 320 384 419 373 321 420 382 336
plan-route 130 3905
add-station 1072 20 141 108 114 124 128 137 108 144 140 128 130 126 121 116 119 142 116 129 138 143
add-station 2505 15 304 372 292 356 335 327 310 287 299 327 334 317 283 322 317
add-station 1828 21 382 413 446 419 376 362 356 417 434 432 449 383 418 443 462 434 392 367 438 418 384
add-station 3751 25 18 19 15 20 20 15 15 15 18 19 19 20 18 19 17 17 16 17 19 21 21 15 17 16 19
add-station 742 25 87 93 100 91 96 110 90 98 86 106 105 100 95 104 93 90 83 97 96 101 93 84 95 96 90
add-car 1792 438
add-station 914 0
add-car 914 83
add-car 914 80
add-car 914 78
add-car 914 91
add-car 914 78
add-car 914 92
add-car 914 81
add-car 914 78
add-car 914 90
add-car 914 93
add-car 914 93
add-car 914 88
add-car 914 95
add-car 914 96
add-car 914 84
plan-route 3817 130
add-station 1944 22 461 447 413 489 454 382 420 459 474 488 441 380 433 461 442 406 409 384 420 443 399 470
add-station 2311 24 333 428 386 321 429 367 351 384 385 357 424 365 347 350 374 406 351 386 333 354 374 388 346 363
add-station 1415 21 314 253 271 265 257 287 319 254 307 325 250 245 320 309 261 258 250 296 300 324 292
add-station 2685 18 297 286 278 317 283 317 329 265 255 275 259 289 319 253 331 287 329 287
add-station 1937 17 421 496 490 455 457 427 441 390 480 477 425 454 391 454 419 389 404
add-station 1802 16 401 436 372 411 351 403 353 468 441 421 414 457 399 410 423 468
add-station 3376 19 105 85 94 99 105 95 95 81 105 100 79 95 92 94 80 83 90 101 99
add-station 1139 20 164 182 178 144 155 171 157 147 174 152 163 152 177 176 171 143 180 143 144 143
add-station 1971 19 498 494 460 501 496 505 474 464 399 443 433 412 378 475 503 399 474 394 436
add-station 337 22 101 117 103 101 108 106 109 104 127 103 101 102 120 106 123 113 101 123 129 127 111 100
add-station 1676 17 384 409 399 398 351 352 326 351 328 407 410 409 336 424 355 362 406
add-station 687 22 103 88 83 111 92 93 90 99 111 95 99 93 106 87 95 101 94 101 107 87 86 94
add-station 3069 22 181 194 183 173 172 171 222 210 180 182 173 200 169 176 197 218 174 177 167 221 176 221
add-station 2618 23 349 302 277 339 306 352 331 335 325 292 291 307 269 271 319 330 349 307 336 287 278 319 335
add-station 552 20 93 93 89 97 101 103 103 97 109 103 95 115 93 95 107 94 103 89 102 94
add-station 2018 19 478 477 434 379 437 438 438 482 445 497 503 495 377 407 487 484 466 480 458
scrap-car 2611 1865
demolish-station 2311
add-station 2951 23 212 200 256 208 202 229 249 207 204 245 203 228 257 256 259 224 262 261 223 205 243 247 267
add-station 1786 17 432 393 421 387 456 414 439 415 455 397 434 437 371 430 411 460 459
add-station 3466 0
add-car 3466 80
add-car 3466 77
add-car 3466 79
add-car 3466 62
add-car 3466 79
add-car 3466 76
add-car 3466 63
add-car 3466 62
add-car 3466 66
add-car 3466 59
add-car 3466 62
add-car 3466 65
add-car 3466 78
add-car 3466 60
add-car 3466 69
add-car 3466 75
add-car 3466 78
add-car 3466 77
add-car 3466 67
add-car 3466 74
add-car 3466 59
add-car 3466 66
add-station 3753 17 15 19 15 19 19 18 18 17 20 18 15 15 20 17 19 18 20
add-station 2038 17 433 382 429 417 409 454 502 446 393 460 474 484 499 475 380 491 395
add-station 3800 19 13 10 11 13 14 12 12 11 14 14 13 14 11 11 14 12 12 13 13
add-station 1222 15 182 181 217 229 218 225 198 197 183 172 176 200 176 199 217
add-station 751 15 84 97 96 110 108 89 89 90 110 93 82 107 91 92 98
add-station 2261 0
add-car 2261 356
add-car 2261 437
add-car 2261 411
add-car 2261 358
add-car 2261 338
add-car 2261 397
add-car 2261 389
add-car 2261 409
add-car 2261 382
add-car 2261 426
add-car 2261 394
add-car 2261 358
add-car 2261 400
add-car 2261 416
add-car 2261 382
add-car 2261 399
add-car 2261 346
add-car 2261 342
add-car 2261 431
add-car 2261 332
add-car 2261 445
add-car 2261 348
add-station 3863 18 6 8 8 8 7 7 6 8 7 8 6 6 8 7 7 8 7 7
add-station 332 18 100 115 129 99 110 106 130 105 109 122 113 98 116 96 97 116 127 99
add-station 3740 19 19 21 17 16 20 20 21 16 17 19 18 16 20 18 17 20 17 16 20
add-station 674 15 90 110 96 84 88 113 103 107 109 96 96 85 91 94 111
add-car 91 1900
add-station 1143 15 152 151 182 154 182 137 150 163 186 156 177 154 163 180 177
add-station 3135 20 189 193 156 162 147 158 147 145 150 155 148 193 152 194 152 171 187 190 169 184
add-station 2256 24 359 443 387 432 422 336 420 405 429 430 403 417 339 399 441 359 416 401 435 395 410 360 439 420
add-station 3711 23 23 21 24 25 23 27 22 26 20 24 27 26 21 26 23 26 26 23 23 26 22 26 20
add-car 552 93
add-station 3995 20 1 1 1 0 1 0 1 0 0 0 1 0 0 0 0 1 1 1 1 1
add-station 2356 17 370 327 337 344 328 421 330 317 323 318 378 323 319 355 385 353 347
add-station 1901 19 368 428 375 393 483 423 437 437 474 423 408 466 401 480 392 446 448 461 442
add-station 2048 24 427 485 395 383 427 456 412 471 393 502 394 495 410 432 446 433 482 458 418 450 501 411 497 493
add-station 1517 20 341 287 359 273 307 295 309 297 312 352 286 349 284 317 353 316 328 313 304 344
add-station 3320 16 118 95 96 100 97 103 121 97 117 94 103 119 124 113 121 111
add-station 429 16 117 112 106 116 114 107 92 119 121 97 116 92 104 112 112 96
add-station 2899 21 212 255 244 276 240 226 267 268 275 221 260 259 247 230 281 267 253 271 231 239 220
add-station 935 19 77 87 97 91 87 100 100 81 93 99 77 80 98 96 83 87 81 99 97
add-station 2964 0
add-car 2964 234
add-car 2964 216
add-car 2964 264
add-car 2964 222
add-car 2964 218
add-car 2964 215
add-car 2964 210
add-car 2964 209
add-car 2964 208
add-car 2964 219
add-car 2964 227
add-car 2964 251
add-car 2964 196
add-car 2964 255
add-car 2964 209
add-car 2964 252
add-car 2964 202
add-car 2964 213
add-car 2964 227
add-car 2964 264
add-car 2964 200
add-station 140 20 104 122 118 122 109 115 114 136 132 120 111 120 135 130 122 116 127 114 136 104
demolish-station 2207
scrap-car 1032 4001
add-station 1534 17 322 287 280 346 373 298 364 369 313 371 309 298 294 376 295 343 351
add-station 1736 23 338 376 373 357 352 350 405 354 350 379 332 415 430 376 394 351 353 346 361 347 343 426 434
add-station 3934 23 2 2 2 2 2 2 2 2 2 2 2 2 2 2 2 2 2 2 2 2 2 2 2
add-station 274 15 126 131 119 114 98 127 114 133 118 113 117 125 106 116 105
add-station 2797 0
add-car 2797 304
add-car 2797 270
add-car 2797 252
add-car 2797 262
add-car 2797 249
add-car 2797 281
add-car 2797 265
add-car 2797 232
add-car 2797 270
add-car 2797 308
add-car 2797 278
add-car 2797 300
add-car 2797 251
add-car 2797 264
add-car 2797 307
add-car 2797 292
add-station 77 19 108 107 143 114 116 127 137 126 131 127 139 142 116 108 121 115 132 141 134
add-station 3033 18 223 190 216 214 187 196 239 235 188 197 240 211 181 229 216 236 236 212
add-station 2086 21 459 467 482 371 478 369 364 395 465 365 392 467 387 415 380 402 397 438 490 367 407
add-car 100 125
add-station 2802 17 252 287 256 277 282 239 264 250 237 282 300 229 249 277 281 244 269
add-station 3597 0
add-car 3597 38
add-car 3597 46
add-car 3597 41
add-car 3597 39
add-car 3597 37
add-car 3597 38
add-car 3597 48
add-car 3597 41
add-car 3597 37
add-car 3597 41
add-car 3597 35
add-car 3597 48
add-car 3597 40
add-car 3597 36
add-car 3597 36
add-car 3597 40
add-station 3703 20 24 23 24 28 26 22 26 24 28 26 26 22 23 28 28 24 23 26 27 28
add-station 1400 21 249 240 249 279 318 277 289 272 315 239 263 305 254 243 290 262 288 247 268 284 260
add-station 983 21 95 85 78 96 91 97 87 89 86 98 76 87 73 80 94 84 95 81 92 91 76
add-station 1399 18 235 257 306 299 242 315 265 304 317 306 281 241 275 287 249 272 251 290
add-station 2402 23 1401 2481 2438 1858 2064 3828 2434 2790 3552 400 3207 3535 3940 3542 3684 2515 701 2195 2021 1846 3500 3971 1708
add-station 2342 15 412 354 421 322 400 411 357 392 362 413 316 340 357 417 393
add-station 792 20 82 83 103 98 81 96 98 87 95 108 102 92 102 83 90 97 95 99 99 94
add-station 3029 21 194 206 225 210 194 209 208 221 205 214 205 184 221 233 225 210 228 240 197 227 187
add-station 1359 25 244 244 291 226 242 257 226 264 285 294 222 268 274 296 249 235 272 244 291 299 224 224 225 291 252
add-station 3068 0
add-car 3068 169
add-car 3068 185
add-car 3068 219
add-car 3068 204
add-car 3068 172
add-car 3068 178
add-car 3068 200
add-car 3068 221
add-car 3068 178
add-car 3068 182
add-car 3068 193
add-car 3068 181
add-car 3068 168
add-car 3068 170
add-car 3068 207
add-car 3068 172
add-car 3068 219
add-car 3068 171
add-car 3068 191
add-car 3068 175
add-station 3260 21 137 141 121 108 130 121 137 117 138 112 108 110 122 114 126 129 118 107 139 124 112
add-car 2760 297
add-station 2811 22 285 246 285 279 239 264 282 302 290 261 301 235 270 293 274 304 282 270 302 285 254 259
add-station 1410 16 269 279 260 254 266 291 320 288 306 293 276 245 277 288 280 276
add-station 1667 20 416 355 352 390 329 354 408 394 341 416 411 386 417 363 390 355 368 390 377 413
add-station 1569 25 309 299 347 367 300 380 367 369 343 383 368 289 361 348 301 386 302 342 348 326 314 326 296 328 342
add-station 1023 25 90 93 90 92 111 88 100 107 90 85 103 100 110 96 103 100 84 100 93 89 85 89 96 106 109
add-station 3475 0
add-car 3475 69
add-car 3475 71
add-car 3475 65
add-car 3475 76
add-car 3475 69
add-car 3475 57
add-car 3475 62
add-car 3475 57
add-car 3475 62
add-car 3475 72
add-car 3475 69
add-car 3475 67
add-car 3475 59
add-car 3475 64
add-car 3475 73
add-car 3475 62
add-station 83 15 109 113 110 133 110 130 125 136 113 141 124 105 119 117 129
add-station 1257 18 191 207 234 197 226 226 207 230 197 226 187 185 188 246 243 217 220 240
scrap-car 1185 183
add-station 1362 16 275 224 261 269 252 234 284 257 281 255 276 225 249 229 295 242
add-station 761 15 107 106 104 95 102 101 93 109 82 97 92 87 106 102 96
add-station 2274 24 332 394 354 377 438 338 354 364 401 428 367 443 409 424 437 440 343 366 399 372 421 400 369 391
add-station 1946 23 416 409 504 404 406 453 378 504 383 443 386 436 404 383 504 405 448 426 444 488 469 375 420
add-car 1971 423
add-station 364 19 121 125 107 115 117 95 112 98 118 122 103 101 113 119 97 117 98 99 113
add-station 3139 0
add-car 3139 188
add-car 3139 143
add-car 3139 159
add-car 3139 190
add-car 3139 165
add-car 3139 159
add-car 3139 143
add-car 3139 173
add-car 3139 185
add-car 3139 186
add-car 3139 159
add-car 3139 179
add-car 3139 179
add-car 3139 177
add-car 3139 178
add-car 3139 154
add-car 3139 184
add-station 691 20 108 98 111 111 103 83 90 94 96 93 98 109 89 108 99 106 111 103 107 106
add-station 723 0
add-car 723 102
add-car 723 107
add-car 723 111
add-car 723 92
add-car 723 89
add-car 723 89
add-car 723 93
add-car 723 96
add-car 723 98
add-car 723 98
add-car 723 95
add-car 723 96
add-car 723 98
add-car 723 99
add-car 723 90
add-car 723 108
add-car 723 95
add-car 723 84
add-car 723 101
add-car 723 93
add-car 723 86
add-car 723 92
add-car 723 97
add-station 2956 21 259 254 258 261 248 232 240 206 247 256 210 245 221 232 241 257 204 240 235 246 198
add-station 2272 0
add-car 2272 335
add-car 2272 344
add-car 2272 387
add-car 2272 401
add-car 2272 380
add-car 2272 402
add-car 2272 441
add-car 2272 419
add-car 2272 358
add-car 2272 402
add-car 2272 424
add-car 2272 389
add-car 2272 386
add-car 2272 423
add-car 2272 408
add-car 3703 26
add-station 3096 22 182 164 202 172 158 167 192 171 195 173 209 207 206 201 207 159 178 185 199 194 177 157
add-car 3703 26
add-station 780 0
add-car 780 108
add-car 780 90
add-car 780 103
add-car 780 86
add-car 780 109
add-car 780 87
add-car 780 90
add-car 780 104
add-car 780 105
add-car 780 92
add-car 780 88
add-car 780 98
add-car 780 100
add-car 780 80
add-car 780 94
add-car 780 103
add-station 2314 22 399 415 372 422 419 354 356 397 343 329 400 339 357 396 424 399 376 357 413 342 406 384
add-station 1830 24 453 449 357 382 439 400 393 374 456 390 430 399 438 462 419 403 472 460 416 374 466 405 364 354
add-station 3837 20 10 8 7 7 7 7 9 8 9 7 8 8 10 10 7 7 8 7 9 10
add-station 3544 18 58 52 56 60 51 51 59 59 51 50 47 53 50 50 44 47 44 58
add-station 2666 23 329 327 330 320 257 266 303 321 329 300 283 283 331 280 294 279 258 261 339 295 280 320 265
add-station 3035 17 224 207 220 233 205 225 210 194 178 190 223 195 218 227 239 198 201
add-station 3609 22 33 42 44 44 43 40 33 44 45 40 34 35 43 38 39 43 36 45 44 41 43 33
add-station 1171 15 154 186 149 164 188 169 171 201 195 150 161 168 167 174 165
add-station 1831 17 441 444 429 378 400 455 443 443 404 389 472 395 379 420 450 403 400
demolish-station 3272
add-station 962 20 80 96 97 74 97 98 85 80 95 86 89 93 82 80 79 93 96 91 89 94
add-station 156 0
add-car 156 121
add-car 156 115
add-car 156 136
add-car 156 130
add-car 156 129
add-car 156 120
add-car 156 106
add-car 156 120
add-car 156 132
add-car 156 109
add-car 156 132
add-car 156 137
add-car 156 104
add-car 156 119
add-car 156 125
add-car 156 108
add-car 156 120
add-car 156 139
add-car 156 119
add-car 156 112
add-car 156 137
add-car 156 127
add-car 156 136
scrap-car 2883 224
add-station 3665 20 34 28 29 35 26 31 29 26 35 32 33 32 28 27 34 26 35 25 35 26
add-station 2163 22 448 382 466 448 441 443 466 465 363 394 457 417 397 437 350 407 411 465 365 433 420 435
add-station 1067 20 134 112 135 124 141 128 119 106 105 106 115 126 129 110 106 108 136 134 123 115
add-station 655 24 101 107 88 108 93 97 110 109 96 97 109 104 104 109 110 100 104 109 103 106 114 113 88 100
add-station 1904 0
add-car 1904 369
add-car 1904 475
add-car 1904 428
add-car 1904 420
add-car 1904 413
add-car 1904 461
add-car 1904 448
add-car 1904 473
add-car 1904 479
add-car 1904 451
add-car 1904 443
add-car 1904 474
add-car 1904 412
add-car 1904 448
add-car 1904 375
add-car 1904 386
add-car 1904 474
add-car 1904 494
add-car 1904 485
add-car 1904 447
add-station 250 25 130 117 117 123 114 112 132 125 108 119 111 117 120 103 124 121 104 113 129 130 111 130 124 130 112
add-station 2099 25 456 388 389 395 470 441 403 403 474 429 442 396 478 471 418 390 394 366 438 387 394 369 363 379 405
add-station 520 21 113 114 110 107 104 99 90 119 93 103 117 100 108 106 110 91 103 113 113 99 100
add-station 416 20 102 105 123 107 112 97 123 100 101 101 107 111 96 116 99 115 112 107 106 108
add-station 2493 17 330 374 378 354 286 292 294 366 349 293 351 323 327 384 328 313 332
add-station 2326 0
add-car 2326 362
add-car 2326 369
add-car 2326 339
add-car 2326 335
add-car 2326 383
add-car 2326 373
add-car 2326 386
add-car 2326 381
add-car 2326 342
add-car 2326 347
add-car 2326 333
add-car 2326 324
add-car 2326 330
add-car 2326 358
add-car 2326 324
add-car 2326 355
add-car 2326 408
add-car 2326 385
add-car 2326 399
add-car 2326 414
add-car 2326 345
add-car 2326 408
add-car 2326 319
add-station 374 25 110 109 100 99 102 117 119 118 121 108 100 101 108 98 102 101 127 110 113 125 120 100 115 95 118
plan-route 274 3751
add-station 610 0
add-car 610 88
add-car 610 97
add-car 610 115
add-car 610 108
add-car 610 114
add-car 610 105
add-car 610 109
add-car 610 105
add-car 610 103
add-car 610 98
add-car 610 88
add-car 610 115
add-car 610 111
add-car 610 90
add-car 610 108
add-car 610 113
add-car 610 109
add-car 610 95
add-car 610 87
add-car 610 112
add-car 610 104
add-station 818 19 98 90 84 95 94 82 83 86 79 100 91 85 98 90 107 91 92 93 84
add-station 745 21 105 86 94 106 102 96 88 93 102 96 86 109 100 85 95 83 98 108 109 96 87
add-station 3783 18 14 14 14 15 12 14 14 16 15 12 14 15 15 15 12 15 16 14
add-station 448 21 123 92 119 100 123 98 97 118 106 116 113 103 119 121 119 117 95 103 118 124 107
plan-route 3151 429
add-station 2675 17 304 326 266 319 255 265 326 302 274 296 315 316 291 265 312 321 336
add-station 921 19 84 90 99 86 95 76 75 86 95 99 99 100 76 91 101 85 75 91 100
add-station 2908 21 223 237 239 276 238 209 253 243 277 252 208 271 248 271 221 229 214 273 208 239 276
add-station 2560 20 281 317 286 360 324 275 349 294 282 349 274 347 352 273 278 351 302 326 276 318
add-station 3449 16 64 65 65 82 63 66 78 75 79 84 65 72 62 73 63 76
add-station 1607 21 327 330 334 301 336 389 369 328 374 385 329 397 337 383 326 362 343 382 387 317 386
add-station 3800 17 2602 2466 497 200 2660 2312 274 2233 762 719 2415 143 1035 2358 1148 469 765
add-station 2137 15 409 393 391 466 430 431 414 465 438 381 357 407 407 437 426
scrap-car 1501 374
add-station 707 19 109 83 89 84 102 107 101 93 101 83 93 109 97 107 107 111 102 98 102
add-station 1899 18 402 481 448 387 397 449 477 439 452 472 397 431 450 484 409 395 366 438
add-station 186 15 116 137 122 131 132 116 130 110 109 106 104 106 137 127 120
add-station 1233 22 188 182 185 177 175 195 191 193 184 223 191 176 231 183 178 187 231 201 201 186 177 198
add-car 398 104
add-station 1907 0
add-car 1907 463
add-car 1907 417
add-car 1907 366
add-car 1907 422
add-car 1907 400
add-car 1907 377
add-car 1907 375
add-car 1907 373
add-car 1907 433
add-car 1907 474
add-car 1907 412
add-car 1907 418
add-car 1907 485
add-car 1907 378
add-car 1907 422
add-car 1907 455
add-station 326 0
add-car 326 99
add-car 326 103
add-car 326 121
add-car 326 97
add-car 326 112
add-car 326 127
add-car 326 109
add-car 326 118
add-car 326 100
add-car 326 104
add-car 326 102
add-car 326 129
add-car 326 104
add-car 326 106
add-car 326 115
add-car 326 118
add-car 326 129
add-car 326 99
add-car 326 129
add-car 326 119
add-station 2980 18 197 221 205 228 222 231 203 207 221 197 204 251 257 197 236 256 199 196
add-station 2761 23 297 306 273 284 285 295 275 268 290 292 292 267 247 294 312 293 238 287 236 308 315 298 284
add-station 1895 22 368 454 417 394 469 385 455 466 448 457 488 371 405 463 470 401 490 450 383 396 444 470
add-station 3343 0
add-car 3343 87
add-car 3343 94
add-car 3343 106
add-car 3343 102
add-car 3343 89
add-car 3343 86
add-car 3343 103
add-car 3343 91
add-car 3343 103
add-car 3343 103
add-car 3343 102
add-car 3343 105
add-car 3343 88
add-car 3343 111
add-car 3343 115
add-car 3343 102
add-car 3343 116
add-car 3343 111
add-car 3343 101
add-car 3343 96
add-car 3343 96
add-car 3343 106
add-car 3343 107
add-station 3824 16 10 10 10 10 10 9 8 9 10 12 11 9 11 8 10 10
add-station 3587 15 37 38 40 45 46 49 43 38 47 44 44 38 47 50 47
add-station 1755 16 436 344 351 354 425 386 419 336 433 447 391 384 400 424 446 345
add-station 1923 24 386 388 453 483 461 394 417 473 371 460 405 445 369 474 480 370 442 462 415 438 400 441 423 421
add-station 2627 23 271 311 349 267 323 344 329 295 318 297 300 262 349 293 267 332 322 264 268 297 308 315 291
add-station 3979 0
add-car 3979 1
add-car 3979 1
add-car 3979 0
add-car 3979 1
add-car 3979 1
add-car 3979 0
add-car 3979 0
add-car 3979 0
add-car 3979 1
add-car 3979 1
add-car 3979 0
add-car 3979 0
add-car 3979 0
add-car 3979 1
add-car 3979 0
add-car 3979 1
add-car 3979 0
add-car 3979 0
add-car 3979 1
add-car 3979 0
add-car 3979 1
add-car 3979 1
add-car 3979 0
add-station 1066 23 105 106 120 123 110 113 107 104 106 112 108 131 126 134 126 118 136 138 107 120 127 138 117
add-station 1892 0
add-car 1892 367
add-car 1892 396
add-car 1892 384
add-car 1892 456
add-car 1892 422
add-car 1892 417
add-car 1892 379
add-car 1892 408
add-car 1892 481
add-car 1892 442
add-car 1892 406
add-car 1892 466
add-car 1892 387
add-car 1892 491
add-car 1892 478
add-car 1892 370
add-car 1892 445
add-station 3613 15 36 33 40 41 38 40 43 43 45 45 42 36 45 41 37
add-station 3064 22 206 174 218 178 224 224 181 171 170 184 225 206 178 197 222 169 222 189 169 185 186 194
add-station 3599 25 41 45 45 36 37 46 44 38 42 36 37 41 48 36 37 35 39 36 44 43 42 35 41 35 47
add-station 1820 20 452 435 381 392 425 455 434 471 363 465 367 469 470 352 359 385 461 393 354 352
add-station 2273 20 427 440 375 397 328 368 339 331 427 433 351 387 401 373 382 344 422 353 423 360
scrap-car 2739 4001
add-station 850 18 79 91 79 91 94 80 83 103 101 89 98 86 96 97 102 86 102 93
add-station 686 18 104 92 100 94 89 93 95 97 100 90 87 89 99 106 99 89 95 107
add-station 1836 24 421 471 462 361 395 394 430 468 472 378 448 422 474 458 471 431 359 370 370 369 471 430 430 393
add-station 1436 19 326 265 287 335 323 264 321 276 308 325 252 319 276 267 316 300 277 254 297
add-station 2519 21 302 358 297 311 336 369 281 359 327 320 304 331 308 322 310 306 348 319 344 357 369
add-station 386 0
add-car 386 115
add-car 386 114
add-car 386 96
add-car 386 107
add-car 386 103
add-car 386 122
add-car 386 109
add-car 386 102
add-car 386 98
add-car 386 114
add-car 386 123
add-car 386 98
add-car 386 94
add-car 386 99
add-car 386 122
add-car 386 95
add-car 386 95
add-car 386 95
add-car 386 110
add-car 386 120
scrap-car 1436 308
add-station 1814 18 465 434 467 375 463 461 367 434 391 421 383 392 440 416 410 368 357 459
add-station 1309 15 228 270 203 208 241 214 239 250 256 227 270 229 255 239 204
add-station 1650 24 409 372 321 330 342 376 376 365 340 341 372 364 394 384 351 329 372 406 362 345 373 368 328 335
add-station 224 18 112 117 133 117 108 128 134 116 132 131 121 111 134 119 127 117 108 134
add-station 2960 20 224 233 265 230 258 259 238 224 246 236 197 230 260 217 244 225 261 264 252 266
add-station 3753 15 3309 1534 2167 3654 587 3349 1839 243 1211 1057 3261 1828 1792 2819 1622
add-station 2069 17 418 437 402 432 436 441 416 457 453 419 474 491 458 475 367 496 427
add-station 168 0
add-car 168 111
add-car 168 124
add-car 168 114
add-car 168 136
add-car 168 117
add-car 168 106
add-car 168 137
add-car 168 129
add-car 168 112
add-car 168 120
add-car 168 104
add-car 168 102
add-car 168 121
add-car 168 137
add-car 168 117
add-car 168 135
add-car 168 135
add-car 168 130
add-car 168 122
add-car 168 123
add-car 168 138
add-car 168 108
add-car 168 113
add-car 168 122
add-car 168 133
add-station 109 19 109 122 106 125 133 135 129 136 129 109 120 122 139 141 126 122 130 135 127
add-station 1735 0
add-car 1735 402
add-car 1735 368
add-car 1735 392
add-car 1735 353
add-car 1735 447
add-car 1735 335
add-car 1735 410
add-car 1735 389
add-car 1735 439
add-car 1735 356
add-car 1735 443
add-car 1735 377
add-car 1735 434
add-car 1735 335
add-car 1735 427
add-car 1735 389
add-station 3456 20 81 80 79 72 75 64 73 75 78 61 71 76 70 67 67 66 73 67 68 70
add-station 3316 16 103 107 107 109 116 104 122 119 108 96 116 98 94 107 93 101
add-station 52 25 107 141 136 130 126 136 132 138 122 125 125 117 126 123 118 120 125 127 110 122 138 121 112 133 143
add-station 3730 25 17 17 21 22 19 20 20 22 19 19 21 18 20 20 21 21 22 19 21 24 23 21 21 17 20
add-station 3907 18 4 3 3 3 4 4 3 4 4 3 3 3 4 3 3 3 3 4
demolish-station 1819
add-station 617 24 107 113 102 106 108 112 89 107 88 90 113 112 98 91 89 110 94 96 90 112 90 103 109 99
add-station 225 19 107 109 124 114 131 107 123 108 107 103 111 113 124 118 120 126 100 132 121
add-station 3208 21 127 133 147 145 134 154 149 146 138 151 140 127 156 129 145 125 151 148 162 133 160
add-station 3872 21 7 6 7 6 7 5 5 7 7 5 7 6 5 5 7 7 6 6 6 6 5
add-station 1572 18 313 367 328 327 321 376 323 301 359 375 297 299 379 374 311 304 364 342
add-station 2546 20 309 277 358 367 323 367 291 289 297 324 354 355 346 317 362 283 353 319 348 325
add-station 2982 15 196 202 254 197 200 221 194 200 222 250 257 206 194 204 223
add-station 1999 22 409 513 472 494 511 508 506 499 385 482 469 502 436 455 390 421 456 441 433 488 512 471
add-station 2834 15 222 248 290 257 269 229 251 254 290 277 287 268 234 230 271
add-station 324 25 104 112 107 100 96 115 105 100 119 125 105 110 104 98 111 113 96 127 102 123 109 107 97 127 100
add-station 296 17 103 123 105 120 123 120 110 128 103 108 113 105 104 100 121 108 115
add-station 743 0
add-car 743 103
add-car 743 96
add-car 743 88
add-car 743 103
add-car 743 90
add-car 743 97
add-car 743 105
add-car 743 85
add-car 743 105
add-car 743 83
add-car 743 94
add-car 743 96
add-car 743 89
add-car 743 103
add-car 743 107
add-car 743 110
add-car 743 82
add-car 743 101
add-car 743 87
add-car 743 109
add-car 743 99
add-car 743 85
add-car 743 103
add-car 743 86
add-car 743 86
add-station 987 19 99 77 74 78 90 94 98 77 86 74 87 91 77 76 86 91 88 90 95
add-station 143 16 112 106 132 117 104 113 106 118 115 124 107 118 130 129 137 130
add-station 3332 20 101 120 120 89 113 113 99 89 114 89 93 96 101 106 112 110 115 97 106 93
add-station 628 20 98 102 91 110 95 95 86 116 100 88 116 110 115 116 92 114 87 96 88 113
add-station 483 23 94 113 90 116 107 106 91 100 97 116 96 100 119 101 101 101 93 96 103 119 97 104 110
add-station 2281 19 429 355 338 435 341 359 357 422 377 389 394 349 386 402 333 410 389 387 415
add-station 3032 25 237 178 202 179 211 192 178 207 178 215 179 178 181 238 187 179 227 201 213 206 216 201 187 198 194
add-station 476 25 102 112 103 118 95 104 121 120 121 97 109 106 104 92 93 122 101 106 123 117 123 110 106 110 91
add-station 1578 0
add-car 1578 347
add-car 1578 370
add-car 1578 314
add-car 1578 348
add-car 1578 358
add-car 1578 359
add-car 1578 329
add-car 1578 393
add-car 1578 327
add-car 1578 367
add-car 1578 367
add-car 1578 319
add-car 1578 389
add-car 1578 316
add-car 1578 326
add-car 1578 334
add-car 1578 299
add-car 1578 386
add-car 1578 298
add-car 1578 332
add-car 1578 357
add-car 1578 382
add-station 2142 21 407 462 471 411 462 475 381 434 395 360 446 464 372 368 394 356 356 365 400 432 372
add-station 2822 0
add-car 2822 237
add-car 2822 230
add-car 2822 268
add-car 2822 279
add-car 2822 233
add-car 2822 276
add-car 2822 226
add-car 2822 238
add-car 2822 270
add-car 2822 248
add-car 2822 224
add-car 2822 247
add-car 2822 262
add-car 2822 272
add-car 2822 260
add-car 2822 260
add-car 2822 302
add-car 2822 278
add-car 2822 293
add-car 2822 272
add-car 2822 230
add-car 2822 236
add-car 2822 280
add-station 725 20 88 101 98 105 82 110 107 107 84 103 97 83 88 85 86 102 82 109 88 109
add-station 1824 25 355 362 375 465 373 431 399 411 351 470 353 377 441 446 455 409 433 422 393 439 444 399 438 401 386
add-station 1478 23 280 345 346 325 333 344 332 309 309 277 279 261 303 285 286 325 305 319 329 354 340 312 283
add-station 3236 20 148 134 115 120 115 139 130 117 136 122 123 131 115 117 128 131 138 125 115 135
add-station 2828 21 288 263 297 248 289 257 283 224 275 247 297 264 291 267 241 258 299 271 242 263 246
add-station 951 17 100 79 86 80 95 79 96 78 93 98 80 93 100 101 100 98 78
add-station 549 20 109 101 97 115 111 96 119 95 90 98 104 94 102 92 116 100 103 95 115 113
add-station 2276 24 393 370 442 425 434 415 418 387 418 401 427 334 334 353 435 328 376 338 359 344 365 389 369 346
add-station 1372 17 264 282 250 271 261 271 268 270 265 295 251 300 237 252 264 278 283
add-station 234 16 125 130 112 106 120 128 112 110 127 101 134 107 127 99 114 99
add-station 2053 23 430 463 409 489 401 370 396 396 489 393 388 410 465 477 468 488 438 414 456 495 460 408 409
add-station 3254 19 120 143 118 131 124 136 113 124 137 109 117 146 140 118 140 113 147 114 119
add-station 2765 24 269 271 238 257 289 268 246 271 315 238 309 263 302 257 295 297 300 252 268 247 268 262 277 303
scrap-car 935 100
add-car 3923 16
add-car 3665 52
add-car 3875 22
add-car 3979 16
add-car 3849 14
add-car 3995 16
add-car 3613 52
add-car 3837 12
add-car 3972 38
add-car 3863 14
add-car 3907 16
add-car 3800 17
add-car 3905 8
add-car 3783 17
add-car 3700 35
add-car 3934 38
add-car 3817 14
add-car 3897 22
plan-route 189 3824
