add-station 414 9 31 27 26 31 27 34 33 30 25
add-station 613 10 11 11 12 12 9 12 11 9 10 10
add-station 75 9 44 50 43 48 44 53 55 51 52
add-station 67 0
add-car 67 48
add-car 67 50
add-car 67 46
add-car 67 49
add-car 67 51
add-car 67 46
add-station 509 0
add-car 509 29
add-car 509 34
add-car 509 27
add-car 509 34
add-car 509 33
add-car 509 28
add-car 509 29
add-car 509 33
add-car 509 32
add-station 261 7 121 97 129 123 120 113 130
add-station 117 12 59 64 56 71 64 66 57 59 69 64 63 58
add-station 197 7 98 100 101 106 81 85 92
add-station 477 0
add-car 477 8
add-car 477 8
add-car 477 9
add-car 477 9
add-car 477 10
add-car 477 11
add-car 477 11
add-car 477 10
add-car 477 11
add-car 477 8
add-car 477 9
add-station 30 9 29 25 27 23 30 27 30 26 28
add-station 537 12 38 37 39 43 39 36 38 43 39 43 45 40
add-station 203 11 87 83 90 105 90 91 87 105 89 110 101
add-station 577 9 37 32 37 32 30 38 28 35 28
add-station 307 0
add-car 307 123
add-car 307 121
add-car 307 116
add-car 307 121
add-car 307 136
add-car 307 124
add-car 307 103
add-car 307 131
add-station 315 0
add-car 315 122
add-car 315 114
add-car 315 108
add-car 315 122
add-car 315 124
add-car 315 111
add-car 315 101
add-car 315 105
add-car 315 132
add-car 315 101
add-car 315 129
add-station 167 8 86 91 79 75 87 71 90 91
add-station 447 512 11 10 10 11 10 12 9 9 10 10 9 11 11 13 12 9 13 11 10 11 10 11 9 11 13 10 9 9 11 10 10 10 13 12 12 13 11 11 12 12 11 9 12 9 13 9 9 9 9 13 9 9 13 9 10 12 9 11 9 13 11 12 13 12 9 10 13 12 12 12 13 13 11 10 11 10 10 9 9 12 12 10 10 10 12 9 13 11 11 9 9 12 10 11 10 9 11 12 10 12 11 10 13 10 10 12 10 10 10 10 10 12 11 9 11 9 11 9 13 9 13 11 11 12 11 11 13 12 12 9 12 9 10 12 10 11 13 9 9 12 12 9 12 10 11 10 12 13 11 13 9 13 13 10 9 13 9 9 13 10 11 10 10 9 10 10 9 11 9 13 10 10 11 13 9 13 10 9 12 9 11 10 10 12 12 9 9 11 9 12 12 12 13 13 11 11 12 12 13 11 11 13 13 10 11 12 9 11 12 11 12 13 10 11 11 13 12 9 13 11 10 11 13 12 9 11 12 9 10 12 11 11 12 13 11 12 12 12 10 10 12 9 11 12 13 13 13 11 9 10 9 11 10 11 13 12 12 10 11 13 11 9 9 9 13 10 13 10 13 12 12 13 10 10 9 12 9 9 12 12 10 11 9 10 10 11 13 12 11 11 11 12 13 9 10 13 9 13 9 10 12 12 13 12 11 10 9 11 13 10 13 12 13 9 9 13 9 9 10 9 9 11 10 10 11 9 11 11 11 13 11 9 13 10 12 10 11 13 12 10 9 13 11 12 11 9 9 10 9 12 11 11 10 10 13 13 13 9 11 13 12 13 11 9 12 12 9 12 13 9 10 11 12 13 12 13 13 12 10 10 11 11 9 9 13 11 13 12 11 9 10 12 13 11 13 11 10 11 12 13 12 13 11 11 9 12 12 13 10 10 12 9 9 13 11 10 9 11 13 12 13 12 9 10 11 9 11 9 12 9 9 9 12 11 13 9 10 9 12 11 13 9 10 10 9 12 9 12 12 11 11 10 10 10 13 10 9 12 11 13 13 12 11 11 11 11 9 11 11 9 9 9 9 12 13 13 13 11 13 13 9 12 9 12 9 10 10 9 13 13 9 9 9 13 11 12 10 10 10 12 11 11 9 13 11 9 11 9 11 9 12 10
add-station 443 8 15 11 11 15 15 12 13 11
add-station 109 12 68 56 53 59 58 72 72 64 58 66 54 57
add-station 435 0
add-car 435 17
add-car 435 20
add-car 435 16
add-car 435 16
add-car 435 18
add-car 435 15
add-car 435 18
add-car 435 17
add-car 435 17
add-car 435 15
add-station 463 10 5 5 4 3 5 4 4 4 5 5
add-station 389 7 42 47 48 40 41 53 44
add-station 79 8 57 44 48 43 58 57 56 53
add-station 183 0
add-car 183 92
add-car 183 86
add-car 183 101
add-car 183 86
add-car 183 99
add-car 183 96
add-station 62 0
add-car 62 48
add-car 62 43
add-car 62 36
add-car 62 45
add-car 62 47
add-car 62 41
add-car 62 42
add-car 62 43
add-car 62 37
add-car 62 37
add-car 62 37
add-station 530 9 38 41 38 35 34 43 37 39 38
scrap-car 552 356
add-station 371 10 53 70 55 55 61 62 71 63 54 60
add-station 51 6 35 35 42 42 36 38
add-station 585 512 26 33 30 31 28 25 27 25 33 31 33 30 27 34 33 32 28 26 30 26 31 34 34 25 28 25 30 31 32 34 33 28 27 29 31 33 25 27 32 28 26 30 28 27 32 31 30 28 29 34 34 34 30 26 30 29 33 25 27 34 29 31 30 27 34 28 29 29 32 29 33 25 27 26 27 34 33 30 27 32 28 26 34 31 34 28 27 30 29 31 26 30 33 29 27 27 33 34 33 33 26 29 28 28 31 28 27 31 34 29 33 32 25 30 28 27 33 29 25 27 29 27 29 31 32 27 25 32 32 25 27 25 27 26 25 27 27 26 31 31 31 28 27 29 27 25 31 26 27 34 29 32 29 27 34 31 29 28 30 34 28 32 30 29 29 25 27 29 34 27 27 33 30 32 28 26 27 26 25 29 31 28 25 33 28 27 29 30 27 29 29 28 31 30 25 32 30 25 27 34 32 34 33 32 33 33 31 34 28 32 34 30 34 30 33 30 29 31 33 27 33 30 30 32 33 34 27 32 30 26 28 31 30 33 29 33 33 25 33 31 28 27 34 31 33 30 26 28 32 25 34 26 31 28 29 34 32 32 26 34 32 34 32 30 32 31 26 29 26 25 29 29 26 25 28 29 26 25 27 29 34 25 29 30 32 27 25 25 27 29 31 34 26 34 29 31 33 34 29 29 27 30 34 33 26 30 29 25 31 32 31 28 30 29 30 34 34 26 28 34 26 29 29 26 28 30 34 31 34 25 30 25 25 26 34 25 25 31 33 32 32 33 34 28 26 31 28 34 34 34 29 26 31 29 26 28 32 28 30 33 25 30 28 33 25 32 32 29 30 33 32 33 27 28 32 28 26 28 31 29 27 26 25 33 25 25 30 29 33 34 26 27 25 31 29 28 29 32 30 32 34 27 25 33 29 26 30 29 27 28 29 28 30 28 32 34 28 34 33 33 33 33 34 29 25 28 30 30 29 29 26 25 27 25 32 33 30 29 25 34 27 28 28 32 29 27 34 25 31 29 34 26 28 26 30 26 33 26 25 27 30 25 29 31 25 32 27 33 27 30 27 31 33 28 31 25 31 25 25 30 29 34 33 31 32 29 32 32 29 25 33 28 25 28 29 28 32 30 27 32 33 32 32 25 28 33 32 28 25 26 30 26
plan-route 585 51
add-station 249 7 125 122 111 101 94 105 112
add-station 46 9 31 31 37 33 33 32 33 38 36
add-station 529 6 40 33 42 32 37 42
add-station 533 0
add-car 533 36
add-car 533 34
add-car 533 42
add-car 533 36
add-car 533 34
add-car 533 40
add-car 533 42
add-car 533 34
add-car 533 43
add-station 12 11 18 15 16 16 18 17 18 17 17 14 17
add-station 593 11 26 21 23 21 29 22 29 28 25 21 21
add-station 365 12 58 74 75 71 69 67 75 58 67 70 71 70
add-station 147 12 78 67 87 79 68 70 70 74 71 80 77 65
add-station 609 7 13 14 12 16 13 15 13
add-station 484 0
add-car 484 13
add-car 484 15
add-car 484 17
add-car 484 16
add-car 484 14
add-car 484 15
add-station 84 8 48 57 49 51 58 60 52 53
add-station 6 11 11 14 11 14 14 14 12 11 14 13 12
add-station 388 11 45 53 54 44 47 47 47 46 54 51 56
plan-route 6 613
add-station 134 0
add-car 134 80
add-car 134 80
add-car 134 62
add-car 134 62
add-car 134 79
add-car 134 78
add-station 291 12 129 102 134 123 118 127 125 132 118 126 127 134
add-station 251 9 105 118 108 103 123 97 103 95 118
add-station 373 12 60 54 54 69 51 51 53 59 67 57 69 57
add-station 135 6 66 63 70 66 80 75
add-station 341 0
add-car 341 99
add-car 341 82
add-car 341 101
add-car 341 82
add-car 341 94
add-car 341 93
add-car 341 78
add-car 341 84
add-car 341 81
add-car 341 101
add-car 341 100
add-car 341 99
add-station 16 12 17 17 15 17 21 16 20 18 15 17 21 19
add-station 114 512 66 58 68 59 60 60 59 67 55 62 73 64 66 61 70 68 65 63 66 68 73 62 71 56 70 74 56 66 65 63 59 63 74 74 61 60 65 56 71 60 73 59 73 60 70 67 62 63 56 70 59 58 61 60 71 66 61 57 67 61 72 66 56 73 61 72 63 56 57 61 56 63 58 56 60 63 74 69 61 66 69 58 62 58 65 73 57 59 67 64 56 74 57 62 58 70 59 60 59 64 67 70 58 66 64 69 71 56 70 55 62 55 59 68 60 61 70 72 59 74 70 61 67 59 69 71 74 60 60 59 67 71 57 68 66 61 55 72 62 65 55 70 64 74 61 69 66 59 60 63 60 72 68 71 56 73 62 71 60 61 67 68 72 72 71 72 69 58 55 61 60 55 65 64 74 65 67 68 57 55 72 69 57 70 65 71 62 58 72 71 72 60 60 63 72 67 72 71 63 62 69 57 59 73 72 67 67 68 57 63 64 74 71 71 68 68 74 58 61 74 58 74 70 64 58 65 66 74 56 62 67 55 57 59 62 64 62 72 57 55 61 63 74 57 63 56 62 73 55 62 72 61 69 59 61 67 72 60 61 62 69 68 69 69 71 71 58 56 66 67 73 68 59 74 67 73 71 55 59 58 69 55 71 70 67 56 62 73 73 56 64 56 64 61 74 56 57 73 74 69 66 64 61 65 71 69 71 55 57 59 57 73 66 63 73 61 72 64 66 65 69 58 57 55 73 67 55 56 58 74 72 67 74 71 57 59 58 72 62 56 64 63 64 71 70 58 66 57 66 64 66 59 63 73 68 57 59 62 57 57 63 71 72 56 63 57 63 55 68 56 63 55 73 69 62 66 69 62 70 73 68 69 69 72 59 72 72 58 61 62 56 61 67 58 62 72 65 62 73 56 59 55 65 55 66 69 68 55 64 68 72 61 68 60 73 70 55 68 60 68 57 70 55 65 67 56 66 74 57 60 68 56 68 68 74 67 56 70 70 66 58 58 72 71 60 60 74 73 63 66 63 63 67 62 56 61 55 68 66 62 73 68 66 57 72 58 72 55 58 57 57 74 67 57 57 60 59 56 61 69 67 68 59 63 56 72 62 67 66 64 65 55 74 61 70 59 57 66 62 61 65 62 57 71 72 71 69 64 69 69 74 55
add-station 502 12 23 24 25 31 28 28 28 26 29 31 27 28
add-station 148 9 88 67 67 81 81 79 68 75 75
add-station 280 6 125 116 126 100 114 103
add-station 607 12 13 14 17 13 14 18 15 17 13 17 15 14
add-station 263 10 117 105 110 122 102 116 104 121 99 111
add-station 544 12 42 37 45 33 45 44 34 38 37 42 39 44
add-station 393 0
add-car 393 49
add-car 393 48
add-car 393 48
add-car 393 48
add-car 393 38
add-car 393 49
add-car 393 45
add-station 565 12 35 36 42 33 41 40 39 42 39 37 37 39
scrap-car 447 12
add-car 447 16
add-car 484 18
add-car 463 16
add-car 435 21
add-car 477 14
plan-route 577 75
