add-station 2038 0
add-car 2038 177
add-car 2038 151
add-car 2038 155
add-car 2038 133
add-car 2038 146
add-car 2038 137
add-car 2038 151
add-car 2038 139
add-car 2038 151
add-car 2038 150
add-car 2038 172
add-car 2038 175
add-car 2038 141
add-car 2038 161
add-station 182 19 170 194 166 206 158 180 181 203 186 210 182 211 166 183 188 176 191 165 209
add-station 1684 0
add-car 1684 192
add-car 1684 170
add-car 1684 193
add-car 1684 159
add-car 1684 168
add-car 1684 169
add-car 1684 186
add-car 1684 148
add-car 1684 176
add-car 1684 182
add-car 1684 147
add-car 1684 185
add-car 1684 174
add-station 51 19 70 78 68 61 78 64 72 74 67 69 79 64 81 63 79 70 76 80 78
scrap-car 2038 133
add-station 2160 15 127 157 119 132 144 127 144 132 131 143 149 124 126 116 144
add-station 1043 12 275 278 283 265 244 261 264 262 292 232 265 236
add-station 1915 0
add-car 1915 176
add-car 1915 191
add-car 1915 147
add-car 1915 181
add-car 1915 183
add-car 1915 151
add-car 1915 157
add-car 1915 157
add-car 1915 144
add-car 1915 157
add-car 1915 163
add-car 1915 167
add-car 1915 185
add-car 1915 165
add-car 1915 168
add-car 1915 143
add-car 1915 180
add-station 2592 0
add-car 2592 21
add-car 2592 19
add-car 2592 16
add-car 2592 20
add-car 2592 21
add-car 2592 19
add-car 2592 19
add-car 2592 20
add-car 2592 20
add-car 2592 15
add-car 2592 15
add-car 2592 17
add-car 2592 19
add-car 2592 19
add-station 2564 13 30 27 30 28 28 27 28 32 27 27 30 28 31
add-station 1164 20 172 172 192 224 218 173 183 203 182 180 208 233 208 195 176 182 183 185 181 220
add-station 1239 13 143 189 153 146 186 172 184 157 183 171 156 149 152
add-station 2536 18 37 43 44 43 42 42 32 32 41 40 34 44 37 44 40 39 39 43
add-station 2061 15 165 143 143 166 136 163 161 148 167 143 143 141 172 160 169
plan-route 51 2564
add-station 2600 20 15 14 16 15 14 16 15 16 14 17 17 16 15 15 13 15 14 15 14 13
scrap-car 2564 27
add-station 1918 16 145 177 166 170 146 167 156 154 150 191 151 161 158 156 171 180
add-station 1035 0
add-car 1035 284
add-car 1035 246
add-car 1035 234
add-car 1035 231
add-car 1035 258
add-car 1035 238
add-car 1035 238
add-car 1035 297
add-car 1035 271
add-car 1035 226
add-car 1035 262
add-car 1035 243
add-car 1035 301
add-car 1035 256
add-car 1035 263
add-car 1035 255
add-car 1035 250
add-car 1035 305
add-station 1548 12 153 151 185 151 169 141 158 190 176 147 155 174
add-car 2160 138
add-station 1429 20 130 149 136 131 159 173 152 168 136 167 143 172 132 163 172 137 139 164 140 168
add-station 727 14 411 508 441 495 488 380 490 499 408 501 382 433 398 405
add-station 713 20 510 517 496 520 484 477 492 403 437 407 476 457 410 394 412 495 518 496 502 427
add-station 2240 12 116 135 110 127 111 130 113 126 119 117 117 123
add-station 357 16 356 270 299 360 311 303 273 343 308 346 300 340 330 308 286 313
add-station 2422 14 83 82 79 75 77 75 66 76 83 80 79 68 63 84
add-station 563 0
add-car 563 485
add-car 563 444
add-car 563 429
add-car 563 440
add-car 563 376
add-car 563 421
add-car 563 391
add-car 563 470
add-car 563 465
add-car 563 420
add-car 563 400
add-car 563 490
add-car 563 435
add-car 563 432
add-car 563 436
add-station 749 13 414 479 467 386 456 453 379 390 497 372 448 416 372
scrap-car 51 2642
add-station 2455 12 59 71 65 63 61 61 73 62 70 56 70 66
add-station 2542 14 37 37 39 37 32 30 38 38 35 36 40 30 31 35
add-station 593 0
add-car 593 522
add-car 593 423
add-car 593 411
add-car 593 507
add-car 593 452
add-car 593 412
add-car 593 493
add-car 593 398
add-car 593 464
add-car 593 523
add-car 593 510
add-car 593 493
add-car 593 499
add-car 593 482
add-car 593 471
add-car 593 394
add-car 593 442
add-car 593 401
add-station 984 18 260 320 284 304 306 336 257 269 268 321 315 249 292 299 300 311 262 260
add-station 2084 12 136 154 139 149 144 142 167 151 162 162 171 150
add-station 502 17 457 371 466 356 375 426 359 446 350 419 449 369 440 429 404 428 383
add-station 2006 19 168 143 164 176 141 151 135 155 175 174 147 136 162 162 177 176 166 172 181
add-station 1144 18 242 203 214 194 238 182 206 240 200 235 241 241 194 195 226 195 194 232
add-station 231 20 229 191 196 191 203 196 210 228 191 224 248 212 245 206 248 215 225 227 253 196
add-station 2349 0
add-car 2349 92
add-car 2349 89
add-car 2349 81
add-car 2349 109
add-car 2349 94
add-car 2349 98
add-car 2349 104
add-car 2349 82
add-car 2349 88
add-car 2349 108
add-car 2349 101
add-car 2349 82
add-car 2349 106
add-car 2349 99
add-car 2349 95
add-car 2349 87
add-station 2467 0
add-car 2467 58
add-car 2467 52
add-car 2467 62
add-car 2467 51
add-car 2467 52
add-car 2467 64
add-car 2467 55
add-car 2467 70
add-car 2467 52
add-car 2467 60
add-car 2467 66
add-car 2467 64
scrap-car 2084 162
add-station 2353 16 105 88 85 106 80 97 102 94 89 81 80 80 86 87 84 97
add-station 1502 12 171 185 168 184 182 160 168 181 163 183 185 155
add-station 390 16 332 313 349 343 301 301 320 389 321 323 320 329 389 361 345 387
add-station 1717 20 181 189 156 148 169 149 196 163 152 180 174 150 167 196 186 180 189 180 173 178
plan-route 390 2600
add-station 2485 14 54 54 50 63 50 58 58 53 58 61 47 62 47 48
add-station 1511 20 138 153 182 167 140 166 169 169 166 173 169 158 149 168 148 139 156 163 182 173
add-station 1978 12 165 140 172 158 142 166 177 165 166 147 147 152
add-station 436 15 341 419 421 351 360 408 317 319 348 370 326 322 383 404 327
add-station 554 19 379 406 402 473 419 407 383 496 418 446 408 480 500 501 498 427 391 436 462
add-station 500 17 405 422 455 368 398 430 351 408 376 413 398 440 390 382 439 461 423
add-station 53 16 66 77 65 66 80 65 81 68 66 65 76 80 65 84 78 82
add-station 486 20 382 398 400 424 447 408 385 422 421 354 454 391 450 434 384 401 366 341 431 398
add-station 281 16 231 237 298 250 239 225 290 266 257 255 276 273 300 222 258 230
add-station 1386 12 154 127 156 163 154 124 157 124 129 153 129 145
add-station 1190 12 166 190 172 186 181 183 184 183 189 219 209 180
add-station 574 15 397 389 398 471 401 512 384 416 499 450 440 433 421 510 497
add-station 990 19 278 318 294 302 316 322 320 246 316 326 289 261 326 282 303 248 259 248 262
add-station 1100 16 253 211 232 255 237 200 207 263 228 262 252 215 265 203 212 207
add-station 2169 15 137 146 124 129 135 153 125 128 128 134 151 133 153 118 123
add-station 45 0
add-car 45 73
add-car 45 56
add-car 45 68
add-car 45 67
add-car 45 62
add-car 45 58
add-car 45 73
add-car 45 71
add-car 45 75
add-car 45 56
add-car 45 59
add-car 45 67
add-car 45 62
add-car 45 68
add-car 45 67
add-car 45 57
add-car 45 68
add-car 45 64
add-station 2031 13 158 142 144 170 136 156 158 153 179 145 162 149 172
add-station 1104 15 231 216 223 254 232 209 215 215 259 260 215 237 221 249 225
add-station 2110 16 161 162 142 150 146 161 159 142 152 154 167 135 150 137 166 143
add-station 2150 20 119 133 159 126 119 120 127 137 142 142 147 144 129 118 146 128 127 149 130 147
add-station 736 18 466 467 505 397 456 443 469 472 495 392 383 506 495 387 447 406 498 456
add-station 1655 20 179 189 172 168 153 164 176 163 190 148 185 146 159 196 153 165 158 187 156 188
add-station 326 16 307 292 266 275 306 273 339 300 290 313 274 313 310 267 271 329
add-station 932 18 352 361 296 345 297 359 346 289 312 370 277 346 309 280 333 282 346 305
add-station 1040 13 301 249 258 265 290 260 300 251 295 293 284 259 302
add-station 1178 19 181 193 212 217 219 194 197 193 194 171 202 212 186 193 218 167 218 193 199
add-station 484 0
add-car 484 364
add-car 484 391
add-car 484 375
add-car 484 340
add-car 484 449
add-car 484 400
add-car 484 344
add-car 484 426
add-car 484 346
add-car 484 390
add-car 484 344
add-car 484 349
add-car 484 415
add-car 484 445
add-car 484 426
add-car 484 411
add-car 484 388
add-station 164 12 155 195 195 181 187 157 178 172 156 176 171 190
add-station 890 12 319 361 385 318 309 397 298 382 302 300 368 331
add-station 2461 16 62 65 58 54 56 69 72 63 62 63 68 69 69 66 60 61
add-station 509 18 388 467 363 369 423 365 463 407 411 384 452 365 382 475 370 475 475 398
add-station 1864 15 186 173 182 194 149 172 148 145 155 146 152 179 145 171 195
add-station 809 16 403 395 335 428 399 335 426 405 336 352 453 401 409 368 368 367
add-station 498 17 375 364 443 415 407 427 454 397 410 411 461 357 426 400 419 400 450
add-station 1578 19 187 174 161 174 180 184 185 191 144 168 148 190 167 173 170 170 178 164 171
add-station 1057 14 220 284 218 219 240 236 277 243 226 264 235 218 217 263
add-station 590 17 443 519 409 500 390 525 472 469 390 400 521 391 524 436 437 457 424
add-station 939 0
add-car 939 331
add-car 939 364
add-car 939 323
add-car 939 297
add-car 939 343
add-car 939 357
add-car 939 289
add-car 939 316
add-car 939 300
add-car 939 361
add-car 939 306
add-car 939 363
add-station 296 0
add-car 296 267
add-car 296 261
add-car 296 301
add-car 296 241
add-car 296 267
add-car 296 299
add-car 296 275
add-car 296 313
add-car 296 297
add-car 296 261
add-car 296 276
add-car 296 311
add-car 296 301
add-car 296 288
add-car 296 252
add-car 296 263
add-car 296 272
add-station 354 14 303 292 322 347 315 302 320 270 322 340 267 302 299 331
add-station 1017 16 293 266 248 275 298 279 302 237 278 261 244 283 246 287 272 274
add-station 2005 20 135 183 167 150 160 162 141 174 150 139 149 139 169 163 153 156 171 161 176 173
add-station 1879 18 146 150 144 148 187 166 174 164 164 188 180 162 174 194 188 152 189 153
add-station 2481 13 56 49 49 49 52 64 48 52 52 60 60 61 54
add-station 2237 19 133 112 121 106 103 128 105 111 135 132 112 135 121 134 123 135 110 106 130
add-station 2497 0
add-car 2497 48
add-car 2497 59
add-car 2497 45
add-car 2497 51
add-car 2497 45
add-car 2497 59
add-car 2497 50
add-car 2497 48
add-car 2497 56
add-car 2497 48
add-car 2497 43
add-car 2497 43
add-car 2497 47
add-car 2497 54
add-car 2497 47
add-car 2497 49
add-car 2497 53
add-car 2497 48
add-car 2497 45
add-station 1782 19 188 179 187 180 180 160 155 174 158 180 159 182 197 169 176 188 169 168 162
add-car 1100 266
add-station 1287 18 127 135 141 151 165 146 141 163 152 166 137 134 142 141 134 145 133 127
add-station 2131 0
add-car 2131 149
add-car 2131 132
add-car 2131 153
add-car 2131 141
add-car 2131 154
add-car 2131 120
add-car 2131 120
add-car 2131 137
add-car 2131 142
add-car 2131 158
add-car 2131 163
add-car 2131 162
add-car 2131 139
add-car 2131 144
add-car 2131 161
add-car 2131 133
add-car 2131 154
add-car 2131 127
add-car 2131 159
add-station 1376 16 136 139 126 151 149 137 166 162 136 148 139 124 123 155 156 153
add-station 435 14 407 356 374 414 313 313 336 317 361 337 350 315 361 401
add-station 1866 14 151 177 166 165 166 150 167 171 146 185 191 157 154 157
add-station 875 15 309 376 385 356 311 370 324 301 306 322 372 353 396 391 371
add-station 2570 20 26 27 28 22 30 25 24 27 27 30 28 27 26 27 24 22 26 27 29 24
add-station 223 20 187 245 211 186 243 191 202 204 231 200 204 193 203 211 198 219 204 228 215 224
add-station 2141 12 160 144 136 142 159 161 160 148 154 126 138 136
plan-route 357 2422
add-station 536 16 384 380 469 380 479 407 477 383 442 394 464 486 459 418 427 486
add-station 1482 19 166 142 174 142 168 157 183 174 143 166 163 170 152 174 176 163 167 163 147
add-station 1388 13 149 163 167 128 164 155 163 160 152 140 157 168 163
add-station 1709 14 157 168 169 185 166 162 172 168 163 152 189 164 164 150
add-station 1892 15 177 170 167 159 148 160 171 169 149 190 153 146 192 152 177
add-station 1821 14 157 189 159 162 156 178 185 181 186 185 166 170 177 156
add-car 1385 740
add-station 1761 16 151 191 170 200 180 153 170 200 181 180 167 192 194 194 188 174
add-station 750 19 414 429 439 399 452 423 440 394 480 452 383 487 433 485 422 484 462 484 494
add-station 2381 17 84 73 96 83 90 96 98 93 83 75 73 82 92 79 76 86 74
add-station 1301 14 155 129 154 137 147 130 157 129 124 130 152 147 133 122
add-station 2265 15 110 107 119 130 105 108 125 111 131 132 119 130 102 103 106
add-station 2118 20 155 146 140 141 135 122 146 131 157 122 137 147 135 154 125 155 143 154 144 144
add-station 1925 19 164 143 153 189 167 156 166 146 148 163 166 142 144 142 144 186 153 167 158
add-car 2150 121
add-station 828 18 435 420 353 404 386 377 412 398 378 377 417 408 399 384 409 416 407 359
add-station 35 19 49 59 50 60 57 53 51 54 58 64 56 51 57 59 62 51 56 57 57
add-station 1460 19 172 165 143 151 174 168 157 165 159 148 141 158 173 150 174 137 175 147 141
add-station 614 17 522 423 516 432 480 431 521 499 455 455 481 478 402 451 471 462 432
add-station 2460 18 68 61 57 53 54 57 53 53 60 64 54 54 71 69 72 59 55 59
add-station 25 14 50 54 49 40 44 53 47 47 43 42 50 42 45 49
add-station 1425 16 143 145 165 134 175 137 130 152 133 151 172 173 140 131 174 162
add-station 464 12 348 400 426 354 329 371 391 380 423 434 406 352
add-station 488 17 461 389 427 374 367 456 428 440 416 395 391 363 382 415 340 351 407
add-station 14 13 36 38 36 35 36 43 34 39 43 33 36 39 42
add-station 1813 14 149 179 186 193 160 176 168 159 194 179 160 155 157 170
add-station 484 18 73 306 291 349 1364 848 1576 802 887 1088 1475 1399 587 1257 1908 2597 1317 2125
add-station 552 20 499 473 461 381 491 480 383 438 376 381 487 466 455 491 444 484 417 445 444 377
add-station 1667 14 170 187 156 147 178 161 165 167 167 151 198 174 170 155
add-station 2611 19 10 10 12 10 10 13 12 13 12 9 10 13 12 13 12 12 12 10 10
add-station 1506 20 182 149 137 168 147 137 148 137 147 177 181 169 176 142 169 176 151 142 156 183
add-car 829 355
add-station 94 0
add-car 94 111
add-car 94 123
add-car 94 126
add-car 94 112
add-car 94 116
add-car 94 99
add-car 94 117
add-car 94 108
add-car 94 95
add-car 94 121
add-car 94 126
add-car 94 101
add-car 94 120
add-station 1639 19 153 181 168 154 172 194 189 185 181 166 153 173 188 170 157 182 197 186 162
add-station 398 18 310 334 346 308 305 355 393 382 297 384 309 392 382 395 348 293 299 380
add-station 1206 16 204 181 185 209 210 202 182 187 194 164 198 162 164 200 202 210
add-station 518 14 356 373 434 441 473 441 437 386 464 432 465 411 439 433
add-station 349 20 333 355 310 267 297 279 275 292 346 320 293 327 289 278 352 324 287 279 346 356
add-station 1724 17 199 148 200 180 184 196 195 153 166 193 170 164 155 183 197 155 177
add-station 2615 12 10 11 10 8 11 9 11 11 8 9 10 8
add-station 1956 18 176 160 171 174 141 155 164 169 174 145 168 159 185 187 173 167 187 188
add-station 1518 19 180 176 140 187 166 140 187 187 186 156 146 147 161 164 168 167 175 163 155
add-station 1367 17 131 126 151 135 144 150 164 128 123 135 135 158 130 126 126 131 144
plan-route 2600 25
add-station 1524 20 146 143 177 149 176 157 155 162 152 149 172 177 182 158 164 155 149 151 181 188
add-station 1179 20 224 220 218 223 184 167 217 166 172 186 176 216 201 196 200 181 198 194 187 201
demolish-station 1865
add-station 2472 19 57 59 66 52 61 61 65 60 54 51 54 60 62 61 64 53 59 61 59
add-station 2637 0
add-car 2637 1
add-car 2637 1
add-car 2637 1
add-car 2637 1
add-car 2637 1
add-car 2637 1
add-car 2637 1
add-car 2637 1
add-car 2637 1
add-car 2637 1
add-car 2637 1
add-car 2637 1
add-car 2637 1
add-station 1295 14 167 123 142 139 149 144 144 152 125 155 139 152 146 162
add-station 2636 17 2 2 2 2 1 2 2 1 2 1 1 2 2 1 1 2 1
add-station 1527 13 145 188 173 164 172 166 188 169 172 147 181 153 150
add-station 760 13 430 432 416 466 468 414 370 405 405 380 434 461 389
add-station 1160 17 190 219 184 211 180 206 175 230 173 175 186 228 193 220 177 189 203
add-station 147 14 157 157 179 155 149 173 152 144 170 176 146 148 158 139
add-station 2531 15 39 43 35 42 44 40 36 38 40 44 36 45 36 37 46
add-station 2572 0
add-car 2572 27
add-car 2572 25
add-car 2572 29
add-car 2572 27
add-car 2572 28
add-car 2572 24
add-car 2572 28
add-car 2572 27
add-car 2572 24
add-car 2572 28
add-car 2572 24
add-car 2572 29
add-car 2572 23
add-car 2572 21
add-station 2071 18 134 147 152 138 159 146 133 148 162 136 134 147 142 165 128 165 167 140
add-station 1243 12 180 156 143 172 181 174 143 158 165 184 186 182
add-station 1174 17 175 220 198 209 171 226 177 189 203 190 222 202 209 184 204 201 205
add-station 428 16 380 314 368 350 416 389 372 340 325 319 323 315 312 328 309 311
add-station 115 19 127 123 146 117 125 142 129 144 110 139 113 135 128 122 129 114 128 119 144
add-station 364 14 305 274 353 287 300 286 311 349 293 351 318 275 315 363
add-car 1012 818
add-station 218 18 237 194 209 217 182 182 232 189 198 196 208 227 217 233 240 197 211 231
add-station 671 0
add-car 671 482
add-car 671 512
add-car 671 442
add-car 671 412
add-car 671 535
add-car 671 422
add-car 671 457
add-car 671 536
add-car 671 445
add-car 671 552
add-car 671 539
add-car 671 468
add-car 671 523
add-car 671 484
add-station 236 13 250 201 235 257 225 240 256 221 217 215 208 195 234
add-station 956 16 323 301 349 288 335 345 296 340 347 285 325 273 349 303 309 353
add-station 420 19 400 385 332 369 357 351 338 365 406 309 305 375 403 310 357 407 390 412 362
add-station 1285 0
add-car 1285 163
add-car 1285 166
add-car 1285 153
add-car 1285 147
add-car 1285 136
add-car 1285 140
add-car 1285 165
add-car 1285 129
add-car 1285 137
add-car 1285 131
add-car 1285 128
add-car 1285 135
add-car 1285 128
add-car 1285 128
add-car 1285 169
add-car 1285 153
add-station 803 13 352 342 351 378 391 424 394 353 415 424 417 387 434
add-station 1758 18 161 166 184 193 200 171 150 190 166 156 184 168 185 194 177 168 198 197
add-station 1370 15 157 150 123 144 141 139 153 164 129 156 126 127 164 155 141
demolish-station 2006
add-station 717 18 499 394 391 502 474 469 498 396 519 486 495 482 451 420 482 474 433 418
scrap-car 1295 151
add-station 304 17 248 301 288 279 274 245 266 256 316 316 277 280 242 293 248 320 243
add-station 1173 15 226 227 213 187 181 169 192 175 193 168 222 194 173 198 171
add-station 2436 0
add-car 2436 70
add-car 2436 80
add-car 2436 74
add-car 2436 64
add-car 2436 81
add-car 2436 66
add-car 2436 67
add-car 2436 75
add-car 2436 76
add-car 2436 60
add-car 2436 69
add-car 2436 62
add-car 2436 63
add-car 2436 81
add-station 2447 16 62 69 74 77 60 74 77 63 59 59 73 61 67 70 74 75
add-station 2203 14 132 129 140 113 125 138 118 141 125 129 110 126 125 116
add-station 249 17 238 233 237 261 246 224 264 211 271 223 211 266 203 232 223 255 227
add-station 1486 18 176 178 143 168 154 170 163 140 135 148 135 152 145 145 141 176 169 158
add-station 1894 17 170 165 188 188 185 178 180 190 153 188 165 191 194 182 194 173 185
add-station 1184 17 203 186 193 184 167 197 194 193 183 185 179 172 219 199 172 165 184
add-station 604 20 507 482 512 427 525 482 462 469 412 455 472 524 439 417 487 435 406 448 495 401
add-station 2516 13 38 47 40 46 51 39 46 46 47 45 50 41 43
add-station 622 16 405 520 488 416 502 450 434 457 453 452 489 489 520 470 514 494
add-station 2000 20 147 182 147 154 150 184 155 170 149 139 157 167 140 147 149 161 178 177 181 170
add-station 1584 15 171 189 148 155 174 156 154 170 193 171 185 186 193 172 161
add-station 2174 0
add-car 2174 151
add-car 2174 152
add-car 2174 115
add-car 2174 138
add-car 2174 119
add-car 2174 118
add-car 2174 139
add-car 2174 147
add-car 2174 145
add-car 2174 127
add-car 2174 133
add-car 2174 148
add-car 2174 129
add-car 2174 135
add-car 2174 119
add-car 2174 151
add-car 2174 122
add-car 2174 116
add-car 2174 136
add-car 2174 129
add-station 1825 14 190 155 183 159 178 159 184 189 172 190 176 191 157 168
add-station 15 12 43 39 37 35 38 37 37 35 41 36 32 40
add-station 1182 18 212 171 184 215 166 190 165 175 183 182 188 195 212 204 165 199 186 208
add-station 2521 16 45 47 50 50 37 41 45 40 47 38 44 49 45 45 40 48
add-station 1531 17 157 165 147 177 174 146 183 146 145 154 157 179 189 149 185 160 142
add-station 1875 16 188 161 189 160 147 186 188 181 149 151 153 146 193 181 183 172
add-station 2515 14 39 45 39 45 41 50 52 50 43 43 39 38 49 46
add-station 1522 12 147 186 167 143 141 156 165 139 145 155 143 142
add-station 1163 15 187 193 214 218 209 224 219 194 175 229 185 233 199 191 198
add-car 1040 241
demolish-station 488
add-station 1255 17 179 185 139 176 168 179 144 172 167 164 162 174 153 164 158 141 158
add-station 1851 13 191 196 195 197 158 160 188 170 150 176 160 185 153
add-station 1485 16 153 158 172 178 171 151 166 172 142 166 160 173 135 182 151 152
add-station 795 18 343 410 410 449 413 380 412 382 359 350 416 441 359 375 418 391 376 425
add-station 1303 0
add-car 1303 131
add-car 1303 124
add-car 1303 130
add-car 1303 154
add-car 1303 159
add-car 1303 155
add-car 1303 145
add-car 1303 142
add-car 1303 126
add-car 1303 139
add-car 1303 150
add-car 1303 140
add-car 1303 150
add-car 1303 140
add-car 1303 128
add-car 1303 128
add-car 1303 155
add-station 1197 18 182 192 168 206 159 165 181 184 172 186 174 212 200 198 174 198 208 160
add-station 2609 20 10 14 14 13 12 14 11 14 11 11 11 11 14 11 13 10 14 14 14 13
add-station 581 13 493 514 492 428 406 410 461 472 448 403 460 435 455
add-station 1364 15 124 145 128 122 150 156 156 155 135 163 128 138 136 143 133
add-station 598 19 409 435 445 396 444 432 438 492 404 403 394 482 527 460 529 397 395 522 490
add-station 380 15 323 327 304 283 345 307 295 321 344 333 300 309 300 365 365
add-station 1494 20 150 173 180 145 181 171 153 174 138 136 150 181 158 164 175 152 180 162 175 155
add-station 1991 14 139 136 174 176 154 158 136 161 151 161 174 173 169 184
add-station 2146 16 134 154 135 135 134 135 125 121 145 151 129 124 126 120 138 131
add-station 1113 15 238 249 255 250 252 210 259 208 254 223 234 255 253 248 193
add-station 1585 0
add-car 1585 169
add-car 1585 153
add-car 1585 143
add-car 1585 163
add-car 1585 185
add-car 1585 166
add-car 1585 150
add-car 1585 184
add-car 1585 170
add-car 1585 161
add-car 1585 161
add-car 1585 159
add-car 1585 145
add-car 1585 165
add-car 1585 184
add-station 1840 19 164 146 150 183 195 160 186 164 147 193 186 148 162 194 185 177 188 196 180
add-station 859 16 349 385 315 378 314 408 354 398 364 360 371 353 335 330 334 334
add-station 1520 0
add-car 1520 171
add-car 1520 181
add-car 1520 143
add-car 1520 176
add-car 1520 146
add-car 1520 167
add-car 1520 177
add-car 1520 138
add-car 1520 163
add-car 1520 143
add-car 1520 179
add-car 1520 171
add-car 1520 172
add-car 1520 162
add-car 1520 170
add-car 1520 141
add-car 1520 138
add-car 1520 166
add-car 1520 184
add-station 2184 14 112 141 135 142 130 149 121 152 126 114 125 144 112 118
add-station 999 14 293 244 244 278 322 289 258 250 249 269 257 326 280 293
add-station 769 15 468 370 477 394 408 454 398 372 386 380 363 386 377 451 454
add-car 354 274
plan-route 518 2611
add-station 85 19 110 98 106 94 91 104 87 106 104 101 114 94 103 117 116 102 89 102 110
add-station 2568 0
add-car 2568 30
add-car 2568 31
add-car 2568 28
add-car 2568 23
add-car 2568 23
add-car 2568 28
add-car 2568 25
add-car 2568 26
add-car 2568 26
add-car 2568 30
add-car 2568 30
add-car 2568 31
add-car 2568 24
add-car 2568 28
add-car 2568 23
add-car 2568 27
add-car 2568 25
demolish-station 2618
add-station 2624 18 6 6 7 7 6 7 5 5 7 5 6 7 6 5 7 5 7 6
add-station 1200 14 161 172 166 195 185 177 197 210 170 209 184 169 174 163
add-station 179 18 164 175 187 159 205 178 173 185 208 208 158 189 208 204 180 167 205 190
add-car 1943 2628
add-station 1505 16 151 152 158 146 186 181 161 178 176 144 157 178 147 172 179 146
add-station 711 12 410 507 422 432 429 421 521 526 515 442 473 447
add-station 2542 14 823 57 1236 939 1098 1776 421 1532 1215 1861 1405 2159 1470 2556
add-station 70 13 76 82 100 90 88 101 86 81 92 80 84 95 79
add-station 335 16 282 343 302 305 284 301 319 260 257 302 282 328 299 339 263 274
add-station 2210 15 123 113 145 140 127 145 135 138 140 110 110 142 145 146 125
add-station 1715 0
add-car 1715 161
add-car 1715 150
add-car 1715 196
add-car 1715 167
add-car 1715 159
add-car 1715 197
add-car 1715 188
add-car 1715 182
add-car 1715 179
add-car 1715 195
add-car 1715 181
add-car 1715 185
add-car 1715 175
add-station 2623 15 5 7 7 6 5 7 6 6 5 5 5 7 7 5 7
add-station 882 13 322 316 369 354 382 387 375 374 311 374 307 351 378
add-station 2004 13 135 154 173 168 136 170 158 147 168 181 155 166 158
demolish-station 633
add-station 959 15 333 320 274 305 334 327 326 329 311 295 292 348 269 262 320
add-car 2624 12
add-car 2623 8
add-car 2636 12
plan-route 2592 164
