add-station 1005 19 635 567 607 512 591 521 632 656 543 630 646 685 671 549 573 512 628 617 646
add-station 138 20 158 148 158 169 169 180 167 163 186 191 151 178 154 171 169 162 168 155 171 171
add-station 2288 18 886 961 988 971 940 833 1014 915 993 925 953 951 837 988 847 813 909 790
add-station 230 19 190 197 175 171 180 184 221 168 173 179 173 192 206 224 199 203 187 209 194
add-station 1446 19 1097 1091 944 921 876 997 1133 1006 1103 1054 1015 932 1083 1007 933 881 978 1039 1007
add-station 230 15 1528 2378 636 2813 2666 1798 1950 1567 3177 1299 2075 1054 3161 671 1228
add-station 534 21 251 304 274 241 298 299 278 291 263 260 298 246 290 260 271 311 286 302 251 269 250
add-station 2070 16 1001 1016 1131 937 861 1026 1085 858 909 1048 1072 1012 874 979 875 973
add-station 386 19 252 259 216 230 250 248 216 266 258 205 264 221 275 243 267 234 205 243 234
scrap-car 2288 886
add-station 2683 15 534 505 492 529 443 534 421 541 536 516 498 486 436 537 410
add-station 647 20 318 343 311 261 271 327 257 292 257 315 290 298 258 279 307 289 340 257 259 330
add-station 1496 22 961 933 988 1017 1075 1009 958 1019 964 915 956 1028 1071 1020 1075 984 1090 930 927 1073 1076 1020
add-station 1681 19 928 1037 1038 986 1245 1191 1031 1201 1224 990 1100 1168 1035 983 1239 940 1004 1081 1204
add-station 1167 22 851 716 892 841 875 856 677 856 873 763 834 862 736 742 804 766 797 757 717 773 773 680
add-station 578 17 320 322 321 268 263 295 271 296 323 288 329 295 322 313 329 279 259
scrap-car 534 251
add-station 2896 19 235 284 298 267 254 238 287 299 274 244 269 262 279 246 293 228 247 241 241
scrap-car 1446 1006
add-station 2874 14 276 267 300 275 322 242 285 286 256 315 265 281 252 279
demolish-station 2683
add-station 1840 21 1123 1124 935 948 1099 1202 940 965 1088 1167 1079 1182 1118 1104 1068 1082 1099 1009 951 1015 983
add-station 1825 14 1141 963 964 1196 1059 1053 979 1034 1127 951 1044 1077 926 1144
add-station 2946 18 249 224 187 242 232 202 238 216 211 196 224 200 186 229 241 206 204 214
add-station 3169 18 37 41 40 37 38 39 35 32 32 33 42 42 41 44 41 37 34 39
add-station 354 16 208 265 249 243 201 234 212 240 199 260 213 211 219 259 259 260
add-station 690 22 327 269 349 306 312 346 296 298 307 277 269 305 290 351 270 312 311 283 342 346 329 271
add-station 1972 16 1003 1168 896 1088 985 1180 929 900 929 1169 915 879 1044 1079 1118 1061
add-station 2938 19 238 239 194 245 231 225 211 257 252 239 205 199 231 220 218 254 226 208 203
add-station 2530 19 673 753 586 694 695 687 578 578 703 757 573 678 760 651 730 628 569 612 642
scrap-car 3169 3226
add-station 1110 0
add-car 1110 693
add-car 1110 717
add-car 1110 706
add-car 1110 804
add-car 1110 819
add-car 1110 669
add-car 1110 750
add-car 1110 677
add-car 1110 614
add-car 1110 619
add-car 1110 623
add-car 1110 772
add-car 1110 823
add-car 1110 777
add-car 1110 779
add-car 1110 813
add-station 2386 15 748 842 810 785 819 904 752 853 915 924 714 868 719 945 898
add-station 1574 15 1005 1179 970 1125 1104 1065 1218 1033 1080 1151 1103 1238 1198 1087 1050
add-station 1289 20 948 810 794 818 996 974 771 944 1015 860 909 807 931 906 855 904 846 809 1014 843
plan-route 230 2946
add-station 2611 16 648 633 533 558 513 512 573 539 522 622 489 539 611 625 517 536
add-station 1044 20 696 565 621 730 572 689 623 631 678 683 671 710 708 569 599 665 666 728 616 655
demolish-station 1167
add-station 3117 14 65 74 73 71 74 78 77 77 86 85 78 77 71 72
add-station 1325 15 1029 812 936 904 934 921 791 891 925 997 996 968 853 934 879
add-station 737 16 355 283 342 296 341 351 270 272 276 321 317 343 340 313 344 287
scrap-car 230 184
add-station 2419 14 858 832 918 719 734 907 895 843 794 719 767 885 685 791
add-station 2535 14 699 618 590 674 645 636 616 569 593 665 647 605 735 607
add-station 2604 19 497 640 568 562 654 620 493 568 523 563 595 635 562 487 637 563 568 591 619
add-station 2546 16 564 707 567 617 604 607 609 726 706 739 572 591 592 566 662 733
add-station 1653 15 1112 1214 940 1025 942 980 1079 1183 1203 1081 1067 1250 1013 1128 1206
add-station 899 18 532 412 408 393 517 476 407 520 473 486 453 445 449 513 431 428 489 434
add-station 3064 13 114 127 115 134 106 102 121 120 127 134 100 102 121
add-station 2448 16 682 847 725 842 690 815 813 743 708 759 711 832 711 853 725 798
add-car 2546 683
add-station 1460 19 1151 1166 942 933 1157 1090 1134 876 1120 1116 1155 954 974 994 923 1017 945 1110 1084
add-station 673 0
add-car 673 322
add-car 673 288
add-car 673 302
add-car 673 331
add-car 673 329
add-car 673 287
add-car 673 299
add-car 673 304
add-car 673 273
add-car 673 328
add-car 673 284
add-car 673 310
add-car 673 277
add-car 673 290
add-car 673 280
add-car 673 345
add-car 673 327
add-station 532 21 241 270 238 285 275 286 240 260 316 245 252 272 237 242 310 309 316 308 256 302 302
add-station 1031 14 558 618 691 726 538 636 611 604 575 626 655 626 562 542
add-station 1412 14 921 1064 1049 980 1096 1117 887 1030 982 987 918 1077 1103 1103
add-station 445 20 256 292 248 256 284 237 231 263 251 224 220 245 238 231 292 287 220 285 269 239
add-station 956 16 522 586 520 565 524 538 584 573 557 482 513 462 589 505 599 603
add-station 150 16 170 191 182 190 173 179 186 153 154 169 193 167 165 151 189 184
add-station 1259 0
add-car 1259 990
add-car 1259 808
add-car 1259 806
add-car 1259 826
add-car 1259 893
add-car 1259 813
add-car 1259 853
add-car 1259 758
add-car 1259 778
add-car 1259 879
add-car 1259 899
add-car 1259 955
add-car 1259 824
add-car 1259 924
add-station 642 17 262 276 322 257 338 259 263 335 320 341 293 327 278 261 272 308 304
add-station 1027 20 655 627 627 594 572 656 649 570 638 705 593 716 578 593 640 648 583 588 626 626
scrap-car 1681 940
add-station 91 19 134 170 133 149 155 156 131 166 167 164 134 142 136 167 171 176 155 170 154
add-station 2834 16 306 318 315 370 368 352 319 304 316 340 289 303 308 315 310 319
add-station 1508 21 1070 1150 1110 1030 1092 1143 995 958 1131 1187 1188 1158 1094 1020 1032 1025 983 1156 928 1085 1152
demolish-station 3036
add-station 349 15 214 227 256 228 215 240 228 242 218 233 239 266 235 239 206
add-station 3138 14 70 64 59 60 60 58 69 66 65 56 64 55 61 66
add-station 15 0
add-car 15 127
add-car 15 143
add-car 15 125
add-car 15 132
add-car 15 139
add-car 15 114
add-car 15 126
add-car 15 124
add-car 15 134
add-car 15 132
add-car 15 126
add-car 15 126
add-car 15 132
add-car 15 115
add-car 15 125
add-station 1682 17 1230 1070 1032 1131 1183 947 1135 1087 1092 1035 1174 935 1252 1091 1022 1248 1196
add-station 2321 16 793 768 933 981 767 799 817 880 842 754 968 774 814 979 785 768
add-station 978 14 529 524 627 634 517 608 524 544 590 506 591 486 645 497
add-station 1393 0
add-car 1393 1058
add-car 1393 1054
add-car 1393 1007
add-car 1393 860
add-car 1393 921
add-car 1393 971
add-car 1393 1029
add-car 1393 863
add-car 1393 899
add-car 1393 895
add-car 1393 915
add-car 1393 894
add-car 1393 1104
add-station 1902 15 1110 986 1001 1123 1152 1181 1196 1087 1001 1131 1039 1095 984 1115 1208
add-station 2610 16 611 498 646 625 493 643 631 611 595 650 582 575 633 519 525 587
scrap-car 1496 1075
add-station 577 18 257 317 311 319 304 243 324 304 277 246 299 249 251 299 310 270 305 330
add-car 2070 927
add-station 2770 13 361 367 424 434 412 442 400 400 344 377 342 352 367
add-station 704 21 290 288 330 294 335 334 275 272 313 354 327 298 297 315 322 294 269 331 265 289 353
add-station 878 22 412 468 378 416 484 378 449 462 446 435 450 433 396 480 467 398 393 448 483 384 498 374
add-station 667 21 302 323 329 299 274 275 319 338 304 334 348 297 274 309 322 261 297 341 317 316 273
add-station 848 0
add-car 848 341
add-car 848 426
add-car 848 369
add-car 848 447
add-car 848 355
add-car 848 427
add-car 848 375
add-car 848 413
add-car 848 380
add-car 848 410
add-car 848 386
add-car 848 363
add-car 848 334
add-station 2485 0
add-car 2485 702
add-car 2485 680
add-car 2485 814
add-car 2485 664
add-car 2485 623
add-car 2485 633
add-car 2485 660
add-car 2485 637
add-car 2485 645
add-car 2485 807
add-car 2485 687
add-car 2485 733
add-car 2485 671
add-car 2485 637
add-car 2485 803
add-car 2485 799
add-car 2485 633
add-car 2485 662
add-station 2816 21 306 324 315 358 336 309 320 331 303 317 346 351 351 296 370 350 389 333 355 312 335
add-station 3028 18 133 147 132 142 146 168 127 158 134 159 155 162 127 153 135 141 132 140
add-station 486 0
add-car 486 233
add-car 486 249
add-car 486 288
add-car 486 300
add-car 486 298
add-car 486 306
add-car 486 254
add-car 486 248
add-car 486 288
add-car 486 250
add-car 486 274
add-car 486 281
add-car 486 280
add-car 486 302
add-car 486 262
add-car 486 229
add-car 486 279
add-station 1483 16 969 1142 1182 1018 1165 1128 987 952 1121 1118 1063 903 888 923 920 1049
add-station 48 20 140 139 142 151 156 148 123 147 144 149 137 142 141 136 128 144 126 149 141 126
add-station 1344 18 819 1004 981 963 1049 923 1024 929 849 888 1004 824 1043 983 939 996 805 798
add-station 3070 21 122 96 105 129 99 117 103 125 105 97 124 118 123 108 129 101 104 123 113 109 109
add-car 1259 754
add-station 2164 16 898 982 918 1041 893 1024 837 1093 984 875 955 917 984 970 847 973
add-station 3030 21 131 133 137 131 148 127 161 160 128 123 141 146 164 160 128 143 127 159 136 127 158
add-station 2427 16 896 797 803 802 819 777 792 890 768 724 751 741 692 817 896 721
add-station 2306 22 907 814 933 924 907 967 757 802 753 787 987 793 986 941 852 898 916 840 993 814 911 758
scrap-car 150 151
add-station 89 19 167 159 174 139 152 149 155 146 159 148 152 140 149 135 137 157 162 141 156
add-car 386 238
add-station 2911 15 275 247 258 272 252 260 250 274 246 276 223 245 257 283 257
add-station 2443 14 752 665 682 720 738 878 710 779 785 706 680 816 814 822
add-station 2771 17 445 420 427 346 397 361 392 427 334 423 380 342 367 340 361 339 329
add-station 3106 21 81 84 79 85 76 81 81 88 97 76 78 82 72 95 93 75 88 81 79 94 81
scrap-car 593 3202
add-station 3014 13 171 170 180 164 155 161 163 170 146 150 150 149 159
demolish-station 2427
add-station 1791 18 1225 919 1181 1203 928 1049 1048 1061 967 1052 973 1107 1109 1042 1028 1226 1200 934
add-station 1471 19 973 1134 977 1035 1029 1150 989 870 1119 1049 913 954 1014 1175 941 1125 996 1138 1020
add-station 2369 14 719 777 853 742 821 936 955 828 877 898 772 807 907 737
add-station 540 19 265 320 302 263 238 287 266 244 239 304 299 263 269 254 276 242 287 297 299
add-station 379 0
add-car 379 216
add-car 379 209
add-car 379 219
add-car 379 265
add-car 379 264
add-car 379 225
add-car 379 270
add-car 379 208
add-car 379 250
add-car 379 243
add-car 379 204
add-car 379 208
add-car 379 217
add-car 379 255
add-car 379 223
add-car 379 275
add-car 379 214
add-car 379 217
add-car 379 265
add-station 1528 14 1056 1125 1163 905 1136 1152 1085 1133 938 934 1095 1120 911 980
add-station 1932 22 1054 1159 1143 1029 920 1184 1192 916 1169 908 964 900 1107 1019 913 901 1113 978 1071 1176 1166 1006
add-station 1279 20 978 912 909 831 980 893 923 927 1004 924 800 961 782 776 770 810 969 939 792 1002
add-station 2688 22 508 418 542 499 544 457 450 423 491 447 538 536 536 475 531 413 452 496 435 547 495 461
add-station 619 19 334 275 264 282 267 332 265 280 266 301 312 289 293 311 267 266 304 305 336
add-station 2346 13 891 944 838 922 890 925 958 755 770 938 958 742 732
add-station 1402 17 959 1050 1007 915 851 1020 1071 855 1126 940 1023 880 1005 1075 1039 990 1124
add-station 523 16 270 235 247 304 253 235 306 276 237 290 314 303 288 264 244 260
add-station 2094 18 1059 958 853 956 994 1022 990 856 1065 874 997 1048 856 998 904 1029 939 1028
add-station 607 17 328 276 274 306 263 309 258 294 337 281 266 331 253 255 337 270 259
add-station 198 0
add-car 198 215
add-car 198 211
add-car 198 171
add-car 198 173
add-car 198 208
add-car 198 182
add-car 198 163
add-car 198 177
add-car 198 208
add-car 198 213
add-car 198 195
add-car 198 177
add-car 198 175
add-car 198 164
add-car 198 166
add-car 198 178
add-car 198 165
demolish-station 532
add-station 499 0
add-car 499 259
add-car 499 248
add-car 499 290
add-car 499 275
add-car 499 259
add-car 499 246
add-car 499 289
add-car 499 264
add-car 499 243
add-car 499 268
add-car 499 301
add-car 499 229
add-car 499 300
add-car 499 287
add-car 499 293
add-car 499 282
add-car 499 291
add-car 499 290
add-car 499 241
add-station 805 16 298 338 376 287 364 310 341 357 319 357 301 337 364 291 304 358
add-station 169 13 160 183 186 181 169 151 178 152 190 160 175 192 189
add-station 1449 16 1154 975 1125 1010 1156 865 968 898 904 1138 989 1132 912 919 924 1137
add-station 2259 16 1035 841 895 873 816 843 863 901 808 867 1034 971 988 939 863 865
add-station 1653 14 561 490 1245 628 802 2372 450 635 2313 2231 680 2720 2952 1337
add-station 1624 13 930 944 1138 1116 1160 1084 1082 1144 967 997 1080 1153 946
add-station 781 15 374 310 358 289 331 277 354 364 322 365 358 325 361 362 347
add-station 391 14 220 257 272 222 239 238 261 235 255 235 238 245 242 232
add-station 3024 16 168 170 145 145 133 128 133 136 157 142 158 139 130 165 141 143
add-station 1626 17 1131 1002 1005 1037 1046 1013 1135 962 968 1074 1111 1068 1009 989 942 1197 1110
add-station 1323 22 810 832 857 931 849 869 1024 857 956 795 868 1003 1028 787 941 831 821 958 1037 1053 1013 822
add-station 2757 21 403 390 365 372 404 379 398 380 419 417 445 388 422 441 458 345 352 440 460 348 422
add-station 1312 13 977 900 991 1013 796 1039 857 919 845 879 878 1040 1008
add-station 1276 19 807 901 848 772 896 771 854 759 905 845 974 764 846 849 970 958 935 971 881
add-station 2969 22 222 174 189 187 210 193 194 184 223 206 202 220 207 217 210 168 199 178 193 170 225 203
add-station 1133 14 815 776 712 852 846 774 734 847 856 772 756 701 772 857
add-station 2523 16 627 722 662 615 749 749 660 582 730 602 725 685 597 654 594 746
add-station 2511 17 712 717 669 713 691 671 680 651 704 658 749 600 708 693 627 690 637
add-station 1492 15 1183 1120 1145 942 887 1118 1012 1151 1155 884 969 887 1188 1059 950
add-station 1883 18 1118 968 1078 905 1172 963 1164 1189 979 918 1039 1186 1207 932 935 1075 1078 1156
add-station 3167 22 45 38 37 39 38 44 42 38 35 44 40 42 41 44 40 33 41 42 44 34 35 35
add-station 1148 20 660 819 647 802 698 687 756 838 851 754 776 650 762 705 757 719 819 701 708 802
demolish-station 1840
add-station 605 19 256 273 281 316 256 299 315 265 260 303 298 259 253 292 253 278 253 277 251
add-station 591 22 297 298 271 295 277 255 270 257 250 250 279 292 259 257 316 288 332 329 299 298 317 315
add-car 3138 60
add-station 1047 13 674 623 593 562 618 726 582 707 560 671 709 676 644
add-station 114 15 145 155 164 166 160 143 160 166 184 180 178 152 137 139 172
add-car 673 260
add-station 1733 0
add-car 1733 975
add-car 1733 1168
add-car 1733 1203
add-car 1733 1125
add-car 1733 1010
add-car 1733 993
add-car 1733 930
add-car 1733 1017
add-car 1733 1123
add-car 1733 999
add-car 1733 928
add-car 1733 938
add-car 1733 971
add-station 1977 14 895 1025 1009 903 1012 885 1126 1071 1161 890 1033 1077 989 960
scrap-car 1498 1615
scrap-car 608 238
add-station 1548 17 1027 1129 1210 1205 1171 992 976 1039 1008 1007 1164 1205 1197 1209 969 946 1077
add-station 1491 18 941 1096 993 1098 894 1154 1154 989 1061 1155 1156 1037 1136 988 934 1138 1166 976
scrap-car 1027 677
add-station 1726 15 1135 1246 1086 1215 1173 1162 1126 1138 1154 982 1229 984 1213 973 1066
add-station 2201 0
add-car 2201 1071
add-car 2201 1053
add-car 2201 932
add-car 2201 813
add-car 2201 955
add-car 2201 843
add-car 2201 1005
add-car 2201 821
add-car 2201 979
add-car 2201 1032
add-car 2201 894
add-car 2201 969
add-car 2201 892
add-car 2201 996
add-car 2201 1027
add-car 2201 852
add-car 2201 1021
add-car 2201 970
add-car 2201 877
add-station 32 15 142 153 152 123 126 118 138 118 142 132 131 136 145 145 123
add-station 1006 17 583 637 553 682 569 607 517 622 570 576 560 580 517 623 638 596 513
add-station 2254 21 1001 913 856 779 888 893 921 866 866 904 783 843 949 841 830 894 781 950 873 936 908
add-station 1014 19 689 649 615 546 653 580 626 586 646 535 578 628 678 644 611 617 653 579 680
add-station 1864 22 1127 1180 1008 938 924 935 975 1075 1068 1001 918 1063 961 1133 1186 942 910 1062 1133 1131 1139 945
add-station 2949 18 241 190 234 224 244 224 194 204 190 224 200 244 205 211 238 236 220 230
demolish-station 388
add-station 1363 18 1059 950 887 967 838 1029 847 981 959 1003 923 1090 905 1070 1030 1009 1084 1041
add-station 1405 0
add-car 1405 1010
add-car 1405 963
add-car 1405 1022
add-car 1405 1051
add-car 1405 1031
add-car 1405 982
add-car 1405 849
add-car 1405 1032
add-car 1405 932
add-car 1405 957
add-car 1405 969
add-car 1405 1114
add-car 1405 1045
add-car 1405 1086
add-car 1405 1104
add-car 1405 1053
add-car 1405 967
add-car 1405 1055
add-car 1405 998
add-station 846 15 363 437 426 383 356 359 415 407 387 423 367 380 399 377 433
scrap-car 2535 590
add-station 627 18 259 298 328 271 262 278 278 333 275 282 305 322 309 283 286 324 324 293
add-station 1459 22 930 883 975 1076 872 985 974 1079 1142 901 1053 891 1145 1118 1110 1106 940 932 1103 1100 1054 1018
add-station 68 14 155 158 147 153 141 136 160 153 143 141 153 153 149 133
add-station 735 21 291 347 330 311 345 346 328 320 277 301 352 341 284 357 323 281 302 314 357 333 285
add-station 1420 15 899 1063 1117 860 851 850 862 921 927 1131 1058 944 843 1105 1073
add-station 2322 21 966 820 938 925 824 852 772 802 775 980 772 968 852 963 906 978 964 800 809 848 824
add-station 1390 0
add-car 1390 1114
add-car 1390 1017
add-car 1390 1026
add-car 1390 1001
add-car 1390 1007
add-car 1390 882
add-car 1390 925
add-car 1390 953
add-car 1390 1008
add-car 1390 829
add-car 1390 948
add-car 1390 1072
add-car 1390 884
add-car 1390 1040
add-car 1390 885
add-car 1390 913
add-car 1390 945
add-car 1390 1004
add-car 1390 932
add-car 606 1718
add-car 2288 778
add-station 2865 16 328 295 280 267 330 282 318 273 332 320 315 332 291 285 289 306
demolish-station 350
add-station 6 21 137 108 113 119 112 135 122 131 136 106 112 134 129 110 115 117 132 111 106 112 142
add-station 1010 17 651 557 582 544 587 643 522 540 574 683 593 578 672 561 656 626 540
add-station 1828 16 1091 1129 1174 984 1040 973 1018 940 984 1017 1024 1057 1034 1019 1077 1178
add-station 3152 16 51 57 49 54 51 53 58 55 51 47 56 51 47 50 45 56
add-station 3154 21 47 56 49 53 47 49 48 52 44 46 53 43 56 46 48 56 50 41 48 46 46
add-station 2432 17 711 773 806 806 836 742 846 701 748 883 898 832 752 781 805 859 827
add-station 574 16 327 317 329 328 312 285 285 311 308 320 282 260 326 317 312 259
add-station 2952 22 214 192 204 186 182 197 234 234 186 236 228 186 200 244 182 241 227 185 214 243 218 218
add-station 705 18 272 303 319 294 271 290 310 334 328 337 330 358 295 287 326 321 351 299
add-station 255 21 233 219 210 229 234 201 229 180 181 194 191 198 210 231 233 226 235 234 193 174 211
add-station 1282 22 780 860 968 872 983 925 927 930 987 885 927 921 874 773 870 970 862 827 960 1018 827 904
add-station 969 0
add-car 969 551
add-car 969 624
add-car 969 547
add-car 969 481
add-car 969 561
add-car 969 563
add-car 969 573
add-car 969 500
add-car 969 507
add-car 969 474
add-car 969 585
add-car 969 591
add-car 969 517
add-car 969 554
add-car 969 540
add-car 969 522
add-car 969 474
add-car 969 493
add-car 969 623
add-car 969 505
add-car 969 527
add-station 2061 16 1056 994 1138 1134 1079 851 1131 1023 1120 919 1022 874 886 1045 1084 988
add-station 3140 15 65 57 60 67 64 57 60 66 60 61 55 55 55 64 68
add-station 2935 0
add-car 2935 251
add-car 2935 216
add-car 2935 250
add-car 2935 217
add-car 2935 222
add-car 2935 205
add-car 2935 212
add-car 2935 216
add-car 2935 205
add-car 2935 256
add-car 2935 242
add-car 2935 236
add-car 2935 208
add-car 2935 203
add-car 2935 207
add-car 2935 259
add-car 2935 250
add-car 2935 258
add-car 2935 200
add-station 2825 15 299 363 309 331 329 315 348 327 286 351 344 307 289 282 344
add-station 1830 21 908 1079 1222 972 1161 1099 981 1209 1095 1019 1078 1190 965 1103 961 1140 1074 1186 1166 1034 996
add-station 2199 16 951 1018 896 943 988 1018 808 1016 881 809 1039 846 804 920 904 970
add-station 1796 20 1222 1203 1202 954 1231 1160 956 975 1201 913 1092 1135 969 1026 928 1221 968 927 1212 937
add-station 1766 17 1016 999 996 1107 1181 1165 1030 1212 1067 976 1009 924 1034 1042 1199 989 1094
plan-route 2834 486
add-station 418 18 279 283 276 255 287 254 279 236 219 281 237 217 282 245 224 251 225 222
add-station 836 20 323 373 338 317 394 374 319 338 417 412 391 368 379 332 386 429 372 373 342 338
add-station 918 21 441 557 490 461 515 545 538 437 551 419 539 424 547 446 534 425 558 469 537 465 419
add-station 1550 22 958 1014 1027 1151 919 980 1161 1201 917 1003 962 1066 1046 1017 1223 1034 991 1066 1168 1190 909 1192
add-station 270 16 206 211 214 240 219 228 206 192 198 202 197 200 198 220 193 178
add-station 1085 21 790 690 779 645 759 699 763 793 610 603 615 779 589 728 697 634 630 712 758 619 699
add-station 2518 20 590 720 716 763 599 632 671 722 735 738 739 778 629 615 603 614 728 714 757 713
add-station 2477 0
add-car 2477 633
add-car 2477 792
add-car 2477 644
add-car 2477 696
add-car 2477 636
add-car 2477 810
add-car 2477 636
add-car 2477 688
add-car 2477 625
add-car 2477 653
add-car 2477 827
add-car 2477 714
add-car 2477 665
add-car 2477 650
add-car 2477 637
add-car 2477 706
add-car 2477 791
add-car 2477 788
add-station 3129 21 64 62 74 64 72 66 66 59 58 64 76 73 62 64 61 57 70 67 57 64 58
add-station 38 18 143 126 138 138 150 139 142 148 153 117 120 123 134 117 131 143 148 146
add-station 2959 19 201 204 181 189 175 216 203 217 175 215 208 180 228 222 186 198 223 235 182
add-station 2563 21 673 585 547 679 620 597 709 683 711 598 537 549 622 553 587 714 707 617 558 670 582
add-station 1183 19 761 712 823 687 913 781 687 751 736 855 702 890 683 685 755 735 747 774 900
add-station 1724 20 963 1243 1062 1090 1097 1237 1081 973 1199 1229 1076 1027 1134 1016 997 1123 1220 1217 1192 961
add-station 1463 16 961 1131 959 1171 1075 1043 873 1117 938 1021 1114 1063 1064 1055 872 1023
add-station 1885 19 997 1051 1189 969 1130 904 1076 1008 958 931 1210 902 935 929 1124 902 1120 1054 1108
add-station 1796 15 2814 1098 2386 2724 1942 2831 1752 448 3114 1735 2917 2540 2446 504 1815
add-station 544 13 264 280 320 293 293 316 309 267 282 277 272 320 310
add-station 220 15 188 167 207 206 185 176 172 194 212 184 169 188 165 194 179
demolish-station 1085
add-station 1212 18 842 929 941 868 886 815 725 736 759 835 834 816 802 880 820 929 871 920
add-station 305 17 187 195 202 241 239 197 208 224 236 220 242 204 229 214 202 237 252
add-station 1341 13 942 1002 851 944 933 975 875 902 833 933 1036 807 835
demolish-station 647
add-station 1709 19 954 1127 1050 1008 964 1040 1091 1030 1207 1032 1168 1035 987 937 1037 945 989 1037 1043
add-station 2512 17 626 665 755 757 680 715 614 643 635 773 712 600 751 608 591 779 699
add-station 252 15 186 201 202 193 225 196 208 209 224 213 182 206 190 176 201
add-station 3183 20 25 26 30 32 27 31 30 28 32 31 24 24 24 25 25 30 28 26 30 31
add-station 1660 14 1243 933 1122 1056 1046 1080 952 1156 1086 1016 974 963 1069 983
scrap-car 2448 842
scrap-car 252 176
add-station 869 0
add-car 869 478
add-car 869 413
add-car 869 481
add-car 869 427
add-car 869 479
add-car 869 475
add-car 869 396
add-car 869 466
add-car 869 461
add-car 869 389
add-car 869 482
add-car 869 479
add-car 869 473
add-car 869 365
add-car 869 455
add-car 869 411
add-car 869 431
add-station 2164 14 1278 873 1789 198 330 170 382 1479 278 981 1093 16 1053 1148
add-station 254 21 212 174 229 193 175 201 195 231 230 194 218 230 189 209 221 212 196 199 185 204 198
add-station 105 16 178 152 149 160 146 136 179 145 150 151 167 134 137 179 181 170
add-station 2925 0
add-car 2925 234
add-car 2925 238
add-car 2925 208
add-car 2925 222
add-car 2925 250
add-car 2925 246
add-car 2925 218
add-car 2925 227
add-car 2925 257
add-car 2925 230
add-car 2925 215
add-car 2925 208
add-car 2925 255
add-station 1324 17 1005 1037 920 1003 897 979 988 971 953 950 944 1040 978 1009 964 1013 909
add-station 909 22 413 477 491 534 445 528 515 454 413 537 532 487 532 530 515 477 407 510 493 512 416 423
add-station 2011 21 1020 1155 877 949 982 969 1063 936 893 1156 867 973 1050 1096 894 890 965 1119 1046 1034 931
add-car 1724 1249
add-station 2924 20 223 228 225 217 233 269 256 233 270 216 220 231 230 217 208 251 230 204 211 233
add-station 205 20 165 172 217 203 185 178 208 180 200 184 184 213 175 200 164 172 208 169 166 187
add-station 1846 0
add-car 1846 915
add-car 1846 1125
add-car 1846 1157
add-car 1846 1151
add-car 1846 1141
add-car 1846 996
add-car 1846 1075
add-car 1846 1073
add-car 1846 1132
add-car 1846 1048
add-car 1846 1006
add-car 1846 1106
add-car 1846 1029
add-car 1846 987
add-car 1846 927
add-car 1846 1032
add-car 1846 1047
add-car 1846 1015
add-car 1846 1029
add-car 1846 1224
add-car 1846 953
add-station 2050 22 982 914 869 940 915 926 993 1117 984 993 1066 978 1080 1097 892 1148 1111 1009 898 1096 894 930
demolish-station 3226
add-station 2738 15 362 483 433 478 461 451 397 454 366 452 377 410 433 464 475
add-car 1133 821
add-station 1060 16 602 570 688 599 572 716 687 737 589 681 593 737 679 737 626 611
add-station 701 18 306 305 314 337 300 298 268 326 276 307 276 290 273 306 294 275 348 288
add-station 1713 13 1134 1122 995 1036 931 1014 1210 1171 1018 1016 1079 1179 1059
add-station 67 18 164 150 147 149 134 166 137 127 154 154 124 125 136 142 123 136 140 132
add-station 578 20 1754 552 362 2561 613 311 2627 2092 588 1344 2204 1731 308 2374 936 2615 2515 2093 2532 982
add-station 546 21 293 302 259 250 261 271 313 311 308 319 313 283 262 248 314 317 296 287 240 273 245
add-station 129 20 181 158 170 145 165 141 157 143 152 186 152 146 158 163 175 148 177 159 172 154
add-station 2962 20 200 206 203 180 183 191 180 219 187 217 192 200 200 175 229 229 232 209 199 228
add-station 3047 0
add-car 3047 144
add-car 3047 138
add-car 3047 135
add-car 3047 142
add-car 3047 129
add-car 3047 138
add-car 3047 149
add-car 3047 114
add-car 3047 122
add-car 3047 146
add-car 3047 119
add-car 3047 142
add-car 3047 125
add-station 216 16 208 186 185 197 210 177 217 169 180 183 169 174 176 219 213 197
scrap-car 3226 1238
scrap-car 735 320
add-station 2105 16 1089 1033 950 1085 898 948 990 906 1097 919 862 953 1034 907 947 876
add-station 2003 16 1132 1146 955 881 929 1153 1165 926 1041 884 988 1021 908 1113 943 1024
add-station 3079 20 116 120 101 99 96 93 109 91 97 102 118 104 113 96 95 105 101 102 118 98
add-station 2390 20 713 777 937 847 937 941 702 840 745 843 881 914 782 874 838 943 817 705 875 916
add-station 759 15 295 318 315 365 331 336 361 297 335 336 350 305 341 294 353
add-station 350 0
add-car 350 215
add-car 350 212
add-car 350 210
add-car 350 231
add-car 350 244
add-car 350 234
add-car 350 203
add-car 350 207
add-car 350 244
add-car 350 261
add-car 350 225
add-car 350 255
add-car 350 224
add-car 350 209
add-car 350 203
add-station 1663 20 985 1106 975 1030 1193 974 955 1253 979 1031 1150 986 1089 1057 1111 1025 1229 1228 1175 1233
add-station 995 13 631 525 627 621 628 632 570 503 568 527 521 644 567
add-station 1188 14 837 699 832 727 733 884 715 799 885 781 780 912 810 784
add-car 1188 903
add-station 1929 22 1000 1101 1158 1074 1029 1123 1138 1195 992 1106 1172 1191 1142 1189 968 1118 1199 1124 1006 1103 991 1051
add-station 1343 16 1055 870 850 892 911 1047 813 800 827 979 817 954 855 1040 934 798
add-station 1280 15 770 896 938 820 975 879 948 805 1015 861 929 919 872 833 789
add-station 372 17 209 239 229 222 253 235 245 220 212 245 219 251 231 205 261 223 250
add-station 1260 15 991 756 747 763 939 911 927 859 870 965 792 794 867 887 857
add-station 3160 0
add-car 3160 43
add-car 3160 41
add-car 3160 40
add-car 3160 48
add-car 3160 40
add-car 3160 40
add-car 3160 45
add-car 3160 48
add-car 3160 39
add-car 3160 45
add-car 3160 48
add-car 3160 50
add-car 3160 38
add-car 3160 47
add-car 3160 43
demolish-station 1709
add-station 2788 20 364 367 334 412 396 384 359 364 363 386 333 419 422 371 394 384 361 381 403 360
add-station 2955 15 207 181 210 193 237 194 215 210 179 198 211 185 230 186 207
add-station 778 18 314 361 281 335 350 291 286 325 364 365 284 318 366 340 366 299 346 374
add-station 1089 19 737 609 593 675 605 676 765 637 669 757 617 668 598 708 656 680 595 732 681
add-station 740 14 339 281 324 357 275 347 303 316 304 336 324 341 357 335
add-station 463 14 284 243 224 290 248 264 243 299 238 259 264 252 297 226
add-station 552 13 317 310 295 279 276 248 278 279 293 258 261 251 289
add-station 1706 13 1209 944 985 1077 1070 934 969 977 1030 1119 1195 1143 1031
add-station 1519 19 969 984 1062 961 946 1182 1185 1035 1010 977 895 980 1134 976 1205 1135 899 1010 951
add-station 2625 0
add-car 2625 587
add-car 2625 626
add-car 2625 487
add-car 2625 517
add-car 2625 520
add-car 2625 504
add-car 2625 477
add-car 2625 603
add-car 2625 606
add-car 2625 512
add-car 2625 504
add-car 2625 621
add-car 2625 573
add-car 2625 530
add-car 2625 489
add-car 2625 469
add-station 2544 14 676 728 679 676 623 667 695 660 585 679 680 636 592 641
add-station 363 22 234 250 255 230 260 241 232 217 264 207 201 266 215 261 221 210 211 219 229 251 270 268
add-station 1506 18 1097 1165 935 1050 1100 1197 929 908 1191 977 1145 1133 971 1111 1156 1077 1186 1056
add-station 2918 17 215 259 221 266 230 225 217 267 208 223 264 255 273 217 243 209 216
add-station 2395 17 823 909 922 757 791 913 743 834 776 904 904 914 895 741 927 943 774
add-station 1729 21 1059 1057 943 1207 1095 998 1195 1027 1098 1032 1025 1161 1167 994 1234 987 1062 1122 1177 935 961
add-car 2530 703
add-station 2310 15 842 826 808 893 834 902 955 785 787 775 806 1005 906 834 959
add-station 1680 19 1155 1088 1107 939 959 937 1075 1021 1192 1179 1248 1204 977 1149 968 1173 985 1194 1144
add-station 1594 0
add-car 1594 1239
add-car 1594 1058
add-car 1594 1112
add-car 1594 1091
add-car 1594 1074
add-car 1594 941
add-car 1594 1177
add-car 1594 989
add-car 1594 943
add-car 1594 967
add-car 1594 1239
add-car 1594 1012
add-car 1594 1186
plan-route 2530 230
