add-station 1933 15 1376 1441 1618 1480 1508 1361 1431 1621 1488 1363 1603 1633 1806 1574 1771
add-station 3573 15 27 26 29 34 26 29 25 25 34 33 25 33 27 29 27
add-station 1649 21 1624 1417 1555 1471 1652 1417 1537 1724 1414 1643 1536 1453 1446 1696 1833 1632 1702 1600 1686 1704 1505
add-station 3573 23 3336 837 1943 2674 3491 2705 1802 680 3403 1824 2597 2651 1499 2633 2900 807 1305 1117 743 1456 811 366 881
add-station 2187 24 995 1020 1183 949 982 1181 1148 1111 1022 1056 920 973 1082 1175 1016 1180 1023 1152 1056 1083 1157 956 1043 1063
plan-route 3573 1649
add-station 2017 21 1231 1374 1376 1217 1479 1594 1562 1414 1454 1299 1449 1251 1428 1202 1298 1417 1529 1573 1552 1552 1563
add-station 2763 22 277 242 247 262 252 220 210 210 257 243 219 271 255 274 284 241 253 281 243 248 257 223
add-station 2830 20 222 233 204 209 261 240 228 262 261 264 247 210 234 227 235 233 228 257 264 210
add-station 634 21 474 414 458 423 371 468 443 461 390 436 446 429 406 415 413 419 387 398 360 426 412
add-station 473 0
add-car 473 314
add-car 473 302
add-car 473 360
add-car 473 381
add-car 473 384
add-car 473 338
add-car 473 304
add-car 473 305
add-car 473 333
add-car 473 369
add-car 473 396
add-car 473 317
add-car 473 357
add-car 473 383
add-car 473 400
add-car 473 344
add-car 473 389
add-car 473 352
add-car 473 307
add-car 473 357
add-station 2890 23 236 192 201 233 203 235 193 195 190 241 240 195 226 244 212 202 209 212 185 188 197 192 197
add-station 1927 20 1397 1461 1837 1382 1815 1469 1373 1487 1627 1392 1458 1478 1767 1468 1598 1810 1585 1462 1840 1830
add-station 3024 16 170 204 176 197 185 170 191 195 152 182 157 161 165 181 159 195
add-station 1764 16 2004 1522 1687 1690 1649 1511 1545 1789 1776 1710 1902 1526 1684 1865 1572 1998
add-station 1827 16 1675 1545 1958 1874 1911 1849 1993 1527 2034 1913 1807 1859 1666 1991 1939 1717
add-station 1611 0
add-car 1611 1630
add-car 1611 1472
add-car 1611 1551
add-car 1611 1567
add-car 1611 1809
add-car 1611 1733
add-car 1611 1529
add-car 1611 1388
add-car 1611 1508
add-car 1611 1661
add-car 1611 1532
add-car 1611 1734
add-car 1611 1608
add-car 1611 1663
add-car 1611 1525
add-car 1611 1405
add-car 1611 1386
add-car 1611 1493
add-car 1611 1765
add-car 1611 1627
add-car 1611 1827
add-car 1611 1518
add-station 1912 19 1396 1852 1777 1798 1834 1416 1443 1412 1579 1645 1701 1782 1539 1529 1838 1509 1875 1593 1645
add-station 2215 0
add-car 2215 1142
add-car 2215 1139
add-car 2215 1088
add-car 2215 1164
add-car 2215 1104
add-car 2215 1089
add-car 2215 1132
add-car 2215 1004
add-car 2215 923
add-car 2215 991
add-car 2215 1098
add-car 2215 894
add-car 2215 1097
add-car 2215 940
add-car 2215 1083
add-car 2215 1011
add-car 2215 921
add-car 2215 869
add-station 1277 22 1076 1233 1036 1324 1130 1083 1144 1234 1044 1256 1302 1143 1065 1150 1015 1012 1166 1078 1127 1116 1131 1255
add-station 2183 19 1057 1039 1229 939 991 1184 915 1175 1165 1128 1219 1161 985 954 1192 1144 1147 1167 1074
add-station 764 24 491 483 523 485 397 422 483 418 512 460 485 462 522 436 521 407 461 430 528 425 451 484 509 412
add-station 1717 20 1647 1698 1831 1470 1855 1692 1663 1649 1920 1765 1493 1560 1923 1538 1707 1832 1849 1779 1486 1492
add-station 2365 17 655 866 835 802 658 684 766 706 658 657 849 739 726 860 754 787 714
add-station 2752 20 281 239 256 247 239 259 231 222 247 228 276 224 281 250 282 273 286 254 228 246
add-station 761 24 477 425 400 425 392 413 447 507 399 473 487 527 455 406 448 509 493 487 390 434 461 525 416 420
add-station 3087 20 140 164 144 167 141 149 185 173 185 185 175 172 155 146 174 168 140 145 161 139
add-station 3066 0
add-car 3066 183
add-car 3066 144
add-car 3066 182
add-car 3066 185
add-car 3066 160
add-car 3066 178
add-car 3066 155
add-car 3066 143
add-car 3066 148
add-car 3066 162
add-car 3066 163
add-car 3066 141
add-car 3066 180
add-car 3066 161
add-car 3066 150
add-car 3066 169
add-station 3597 16 21 22 21 24 24 26 27 26 21 25 23 21 24 22 26 27
scrap-car 3069 2344
add-station 767 0
add-car 767 453
add-car 767 403
add-car 767 497
add-car 767 415
add-car 767 505
add-car 767 395
add-car 767 478
add-car 767 509
add-car 767 394
add-car 767 476
add-car 767 417
add-car 767 483
add-car 767 444
add-car 767 449
add-car 767 530
add-car 767 445
add-car 767 456
add-station 2357 0
add-car 2357 735
add-car 2357 874
add-car 2357 675
add-car 2357 750
add-car 2357 682
add-car 2357 742
add-car 2357 788
add-car 2357 844
add-car 2357 791
add-car 2357 669
add-car 2357 854
add-car 2357 731
add-car 2357 795
add-car 2357 885
add-car 2357 738
add-car 2357 738
add-car 2357 736
add-car 2357 838
add-car 2357 663
add-car 2357 658
add-station 1760 23 1560 1581 1863 1568 1828 1482 1734 1483 1901 1875 1599 1694 1794 1709 1894 1657 1897 1658 1995 1787 2001 1618 1911
add-station 2873 17 186 246 227 244 231 243 243 230 213 241 204 217 198 200 251 212 224
add-station 2303 22 954 759 955 863 922 988 836 835 875 929 880 907 790 802 971 826 979 820 923 932 866 912
add-station 3591 14 22 27 28 27 28 23 23 26 25 21 29 24 22 29
add-station 914 0
add-car 914 453
add-car 914 578
add-car 914 570
add-car 914 534
add-car 914 445
add-car 914 460
add-car 914 583
add-car 914 525
add-car 914 493
add-car 914 436
add-car 914 432
add-car 914 469
add-car 914 546
add-car 914 550
add-car 914 491
add-car 914 525
add-car 914 582
add-station 1995 22 1439 1608 1632 1583 1487 1615 1348 1445 1444 1667 1380 1516 1526 1645 1311 1235 1475 1353 1612 1453 1650 1346
add-station 2267 15 902 825 1006 850 853 951 851 794 909 800 1044 966 965 834 865
add-station 2134 21 1079 1204 1128 1203 1326 1291 1052 1000 1050 1202 1210 1245 1127 1109 1311 1141 1265 1019 1249 1044 1268
add-station 2492 0
add-car 2492 652
add-car 2492 524
add-car 2492 554
add-car 2492 544
add-car 2492 571
add-car 2492 534
add-car 2492 501
add-car 2492 640
add-car 2492 495
add-car 2492 558
add-car 2492 645
add-car 2492 632
add-car 2492 592
add-car 2492 518
add-car 2492 546
add-station 1416 19 1212 1555 1437 1412 1333 1435 1285 1197 1318 1553 1543 1258 1279 1221 1512 1517 1308 1176 1473
add-station 3044 18 169 154 152 165 184 158 188 190 162 161 192 185 178 171 172 178 187 188
add-station 3146 24 143 145 136 166 129 132 164 138 167 154 158 155 156 137 128 135 150 153 124 140 131 164 142 127
add-station 1392 15 1176 1456 1266 1265 1416 1333 1193 1184 1217 1548 1220 1221 1202 1277 1460
scrap-car 2134 1311
add-station 941 0
add-car 941 616
add-car 941 595
add-car 941 598
add-car 941 491
add-car 941 617
add-car 941 533
add-car 941 556
add-car 941 511
add-car 941 628
add-car 941 580
add-car 941 557
add-car 941 589
add-car 941 512
add-car 941 623
add-car 941 585
add-car 941 536
add-car 941 554
add-car 941 525
add-station 2405 24 637 659 649 745 701 615 694 722 730 663 659 687 732 736 711 641 756 758 779 618 719 789 747 681
add-station 463 24 394 350 307 377 297 317 340 295 384 386 318 375 300 384 376 344 334 379 301 371 351 351 346 330
add-station 1983 20 1460 1402 1385 1685 1389 1593 1651 1403 1423 1512 1271 1387 1345 1475 1406 1400 1455 1651 1477 1373
add-station 3059 24 152 189 149 175 160 170 190 154 176 155 166 158 151 148 143 180 181 174 163 145 157 169 175 189
add-station 3282 22 94 97 93 119 111 101 117 106 114 119 112 96 108 115 125 116 98 109 115 119 97 103
demolish-station 463
plan-route 764 3573
add-station 1697 19 1562 1916 1545 1513 1768 1491 1570 1809 1927 1761 1946 1621 1477 1746 1447 1441 1874 1495 1459
add-station 2151 14 1253 1264 1173 964 1200 1268 1291 1216 1224 1092 1287 1035 1290 1084
add-station 3154 23 126 130 126 123 129 158 147 157 161 162 160 147 164 161 121 150 151 144 130 124 142 136 123
add-station 1077 22 798 943 749 881 921 709 785 710 771 829 709 898 730 812 929 915 796 816 807 820 778 789
add-station 2665 15 397 390 336 378 359 347 381 302 337 335 313 329 370 363 304
add-station 1003 17 600 728 722 759 740 669 674 681 587 680 665 749 672 745 750 621 642
add-station 3661 24 7 7 5 7 5 6 6 6 7 6 6 6 7 5 5 5 6 7 5 5 7 6 7 6
add-car 2267 976
add-station 2297 16 924 815 899 952 852 884 988 845 907 874 925 930 774 955 950 763
add-station 1731 21 1525 1573 1727 1796 1877 1624 1598 1474 1904 1771 1774 1750 1670 1681 1802 1912 1616 1673 1841 1884 1565
add-station 2287 16 998 851 770 942 977 861 893 999 876 828 1003 853 825 803 817 880
add-station 1788 16 1944 1835 1826 1876 1779 1516 1509 1777 1703 1980 1642 2027 1511 1794 1808 2027
add-station 1638 16 1408 1461 1874 1785 1611 1623 1783 1544 1630 1779 1439 1810 1589 1691 1762 1446
add-station 237 0
add-car 237 205
add-car 237 241
add-car 237 267
add-car 237 264
add-car 237 230
add-car 237 258
add-car 237 221
add-car 237 230
add-car 237 253
add-car 237 240
add-car 237 234
add-car 237 207
add-car 237 215
add-car 237 266
add-car 237 218
add-car 237 231
add-car 237 257
add-car 237 256
add-car 237 273
add-car 237 228
add-car 237 223
add-car 237 229
add-car 237 242
add-station 2978 24 210 167 213 183 203 213 170 199 165 162 170 218 161 196 210 183 169 168 201 169 196 164 166 202
add-station 2801 19 227 267 206 212 228 206 246 252 235 256 237 225 271 222 219 221 209 268 253
add-station 571 21 384 424 338 338 379 391 332 365 429 442 378 388 418 439 348 358 340 360 444 443 369
add-station 2439 15 616 673 582 661 666 671 730 719 568 671 645 711 709 593 646
add-station 759 15 475 493 525 450 427 528 490 492 445 392 524 492 459 522 439
add-station 200 22 236 199 243 242 208 225 212 189 224 235 196 228 207 185 216 246 214 234 219 242 217 222
add-station 3588 17 30 30 27 22 23 30 26 25 29 30 24 28 24 26 22 27 27
add-station 914 23 2201 483 3298 1318 1949 1233 1656 3320 2651 3174 399 2349 997 1991 2996 847 3444 1923 651 1381 184 3677 899
add-station 458 17 296 308 315 356 311 375 311 325 296 315 380 387 330 392 364 380 295
add-station 3496 19 58 49 43 50 55 50 51 54 47 51 47 57 48 48 46 58 51 52 48
add-station 1541 16 1570 1555 1399 1709 1661 1531 1449 1732 1386 1584 1686 1570 1731 1380 1605 1592
add-car 1929 2861
add-station 3365 24 94 75 79 93 95 88 95 78 87 80 81 97 77 82 82 80 97 87 85 78 74 80 94 80
add-station 2957 24 215 195 221 218 213 224 172 171 197 183 180 202 177 193 216 202 181 177 198 207 193 207 181 204
add-station 1573 17 1504 1502 1589 1642 1432 1768 1764 1809 1651 1419 1484 1649 1517 1338 1694 1461 1802
add-station 1420 20 1533 1475 1494 1393 1597 1199 1557 1359 1565 1450 1453 1486 1593 1290 1420 1482 1196 1417 1461 1597
add-station 3074 23 172 150 144 183 170 140 173 147 176 151 182 145 180 188 179 185 179 148 187 149 173 142 184
add-station 3211 15 125 146 108 138 131 109 136 132 143 113 116 135 126 129 111
demolish-station 1760
add-station 2975 15 177 211 203 176 187 165 214 218 165 197 177 217 189 164 209
add-station 3500 0
add-car 3500 55
add-car 3500 43
add-car 3500 48
add-car 3500 51
add-car 3500 46
add-car 3500 49
add-car 3500 51
add-car 3500 46
add-car 3500 48
add-car 3500 43
add-car 3500 51
add-car 3500 54
add-car 3500 47
add-car 3500 57
add-car 3500 48
add-car 3500 57
add-car 3500 50
add-car 3500 48
add-car 3500 50
add-car 3500 48
add-station 3582 0
add-car 3582 26
add-car 3582 25
add-car 3582 25
add-car 3582 27
add-car 3582 24
add-car 3582 25
add-car 3582 26
add-car 3582 25
add-car 3582 27
add-car 3582 25
add-car 3582 27
add-car 3582 30
add-car 3582 25
add-car 3582 23
add-car 3582 26
add-car 3582 27
add-car 3582 26
add-car 3582 31
add-car 3582 28
add-car 3582 25
add-car 3582 31
add-car 3582 28
add-station 226 15 219 264 251 248 247 262 215 250 223 264 237 265 256 258 250
add-station 2797 18 225 204 270 223 254 271 240 225 215 267 218 226 215 264 218 259 223 260
add-station 3006 0
add-car 3006 163
add-car 3006 206
add-car 3006 202
add-car 3006 179
add-car 3006 158
add-car 3006 161
add-car 3006 160
add-car 3006 182
add-car 3006 185
add-car 3006 165
add-car 3006 160
add-car 3006 177
add-car 3006 176
add-car 3006 159
add-car 3006 207
add-car 3006 197
add-car 3006 184
add-car 3006 174
add-car 3006 166
add-car 3006 200
add-car 3006 200
add-car 3006 193
add-car 3006 162
add-station 3622 16 15 15 19 15 17 18 18 15 15 14 14 14 15 15 17 19
add-station 2356 16 750 814 748 876 815 782 686 850 723 745 690 723 734 739 717 750
add-station 2347 15 684 695 686 838 895 745 688 818 768 755 800 683 807 688 756
add-station 1384 14 1530 1142 1337 1297 1376 1218 1396 1523 1307 1468 1199 1239 1261 1309
add-station 2876 17 201 220 201 203 213 248 243 211 242 220 197 197 203 247 238 220 217
add-station 1404 24 1237 1406 1560 1209 1271 1341 1347 1568 1491 1199 1363 1402 1565 1509 1445 1173 1196 1420 1279 1328 1566 1311 1523 1230
add-station 2866 14 246 194 209 224 220 199 245 229 218 220 200 189 200 202
plan-route 761 3582
add-station 2602 19 446 372 420 478 386 410 447 452 383 363 408 448 385 389 454 381 437 388 384
add-station 646 18 475 436 448 474 424 475 381 445 413 445 463 374 477 366 396 358 423 452
demolish-station 1788
add-station 2777 21 276 280 268 222 221 250 237 237 244 259 234 259 246 261 259 238 208 252 241 242 237
add-station 857 23 513 526 465 504 484 449 425 541 560 465 442 528 457 424 479 526 545 541 426 519 539 430 468
add-station 280 19 271 240 222 231 285 238 244 249 239 260 234 220 236 263 233 220 254 283 272
add-station 21 16 117 102 120 107 133 106 134 113 119 112 130 113 126 137 133 120
add-car 1827 1904
add-station 2060 21 1505 1269 1272 1162 1184 1467 1473 1180 1368 1219 1494 1423 1352 1486 1235 1174 1145 1450 1350 1320 1192
add-station 2319 23 878 843 882 729 831 845 795 850 815 873 774 748 858 823 743 931 735 880 830 930 710 835 744
add-station 3391 17 85 79 88 83 75 86 85 90 75 69 75 72 85 80 75 83 73
add-station 228 24 260 259 240 223 222 208 228 227 221 227 247 216 257 209 235 254 212 221 236 218 264 209 267 200
add-car 2365 797
add-station 992 23 590 711 623 720 732 630 561 648 727 726 607 688 721 672 607 756 561 696 699 746 603 698 727
demolish-station 3024
add-station 1647 15 1435 1852 1846 1605 1888 1725 1857 1556 1770 1886 1537 1459 1508 1873 1620
add-station 1941 22 1571 1387 1338 1522 1546 1472 1357 1696 1593 1646 1447 1540 1625 1543 1770 1469 1387 1347 1589 1592 1457 1630
add-station 3463 20 60 54 51 53 54 53 51 61 67 61 59 61 68 53 52 58 56 61 66 54
add-station 3022 18 186 204 205 164 194 176 154 196 198 173 161 200 157 196 165 173 189 204
add-station 181 24 223 202 224 195 221 197 194 179 181 195 186 234 206 189 185 178 200 179 189 181 179 224 208 181
add-station 2375 0
add-car 2375 807
add-car 2375 703
add-car 2375 774
add-car 2375 764
add-car 2375 662
add-car 2375 793
add-car 2375 695
add-car 2375 822
add-car 2375 805
add-car 2375 842
add-car 2375 790
add-car 2375 738
add-car 2375 657
add-car 2375 827
add-car 2375 786
add-car 2375 687
add-car 2375 728
add-car 2375 814
add-car 2375 732
add-car 2375 729
add-station 3186 14 149 150 125 143 146 120 138 120 141 131 131 141 150 147
add-station 520 0
add-car 520 314
add-car 520 412
add-car 520 368
add-car 520 327
add-car 520 396
add-car 520 384
add-car 520 333
add-car 520 340
add-car 520 401
add-car 520 319
add-car 520 364
add-car 520 313
add-car 520 326
add-car 520 345
add-car 520 372
add-station 1521 18 1395 1513 1393 1686 1475 1489 1490 1338 1393 1433 1716 1626 1642 1402 1518 1441 1540 1527
add-station 3334 14 92 88 106 88 103 93 100 84 101 90 88 83 83 86
add-station 2720 22 319 316 315 296 302 275 287 273 304 275 287 315 309 315 267 277 293 260 269 283 332 281
add-station 1237 17 1262 1126 1123 1115 1055 1110 1173 1128 1095 978 1085 1093 1152 1042 1131 1148 1239
add-station 3304 23 103 90 113 117 97 104 116 89 117 102 109 96 102 87 97 95 95 88 101 102 87 110 97
scrap-car 3334 85
add-station 1368 16 1444 1311 1184 1345 1293 1450 1508 1358 1229 1450 1164 1176 1285 1255 1454 1299
add-station 520 23 1348 3206 1210 1305 992 2039 108 2566 1194 3176 1489 2714 3500 770 1869 428 2533 1641 3293 2862 2222 1521 241
add-station 867 16 440 460 540 442 437 498 516 499 459 518 506 531 422 496 472 553
add-station 13 19 120 121 103 101 111 125 116 126 124 129 131 98 125 103 123 105 113 108 98
add-station 3358 16 94 98 99 80 93 78 87 96 100 83 95 100 94 92 77 84
add-station 16 23 121 105 116 104 126 129 113 99 111 117 115 104 120 115 133 116 132 124 134 114 128 113 111
add-station 167 16 222 185 172 211 184 187 197 192 201 190 204 201 212 172 227 203
add-station 3502 22 50 52 55 50 42 51 46 50 42 47 42 45 42 44 43 54 53 50 45 45 43 47
add-station 2815 15 261 221 217 199 228 262 231 201 228 236 263 243 211 244 205
add-station 2071 23 1317 1230 1299 1360 1217 1202 1179 1390 1142 1253 1239 1155 1476 1413 1154 1365 1347 1102 1476 1381 1270 1378 1383
add-station 1507 17 1294 1453 1274 1423 1400 1455 1433 1520 1333 1485 1653 1560 1650 1581 1446 1402 1429
add-station 429 15 352 328 320 327 315 296 286 322 365 343 305 347 305 313 315
add-station 1082 22 959 909 736 847 907 816 891 883 730 848 729 768 874 722 929 729 874 802 952 855 921 881
add-station 1325 14 1418 1084 1249 1233 1419 1157 1278 1260 1426 1308 1157 1313 1171 1400
add-station 501 14 328 340 407 409 340 353 409 393 320 341 350 355 320 355
demolish-station 2763
add-car 941 543
add-station 1089 0
add-car 1089 757
add-car 1089 834
add-car 1089 859
add-car 1089 859
add-car 1089 932
add-car 1089 825
add-car 1089 888
add-car 1089 804
add-car 1089 867
add-car 1089 727
add-car 1089 912
add-car 1089 831
add-car 1089 915
add-car 1089 774
add-car 1089 879
add-car 1089 788
add-car 1089 876
add-car 1089 750
add-car 1089 950
add-car 1089 877
plan-route 429 3304
add-station 1991 23 1460 1316 1349 1590 1270 1645 1280 1612 1508 1422 1433 1651 1648 1539 1317 1458 1602 1630 1379 1653 1273 1587 1440
add-station 2336 18 727 808 818 754 707 833 777 780 853 698 849 750 717 714 902 796 851 716
add-station 1292 15 1212 1296 1235 1067 1142 1211 1222 1314 1035 1119 1149 1105 1295 1264 1366
add-station 1262 19 1314 1216 1248 993 1056 1112 1301 992 1248 1240 1046 1316 1008 1078 1236 1327 1245 1103 1014
add-station 1533 20 1718 1662 1397 1697 1519 1485 1597 1631 1405 1480 1503 1503 1398 1737 1607 1680 1314 1638 1602 1709
add-station 413 14 316 309 279 333 307 296 346 331 356 337 300 358 333 281
add-station 2272 18 843 931 946 893 921 832 998 1035 812 781 834 938 779 811 1012 848 870 949
add-station 64 23 129 134 140 158 138 144 143 159 153 154 125 127 150 164 155 129 133 157 158 122 126 135 125
add-station 2970 14 174 200 207 186 174 175 216 168 198 207 192 197 170 178
add-station 543 16 393 411 383 346 362 326 367 369 395 388 374 375 422 429 329 363
add-station 2324 16 752 928 736 878 890 832 861 786 743 709 833 708 715 804 756 755
add-station 3070 22 141 154 175 167 183 148 187 179 186 150 149 184 159 155 174 179 153 151 148 178 186 156
add-station 3315 15 98 84 105 96 104 89 87 90 87 112 94 107 106 90 84
add-station 3605 16 20 19 24 18 23 22 20 23 24 23 24 18 24 19 18 23
add-station 1860 24 1849 1718 1934 1692 1620 1671 1636 1723 1541 1560 1890 1582 1944 1923 1576 1636 1740 1702 1773 1573 1822 1524 2017 1735
add-station 517 18 323 399 326 402 322 326 356 386 401 326 345 326 384 382 334 398 318 398
add-station 1224 24 1235 1105 1039 1200 1125 1116 1251 1033 1071 1094 1145 1218 968 1053 1145 968 1239 1188 1045 1025 1175 1205 1047 1050
add-car 290 396
add-station 124 18 161 175 192 187 178 185 159 195 187 177 186 181 164 165 163 172 186 176
add-station 3144 0
add-car 3144 130
add-car 3144 146
add-car 3144 148
add-car 3144 148
add-car 3144 127
add-car 3144 159
add-car 3144 143
add-car 3144 165
add-car 3144 138
add-car 3144 139
add-car 3144 167
add-car 3144 160
add-car 3144 148
add-car 3144 140
add-car 3144 155
add-car 3144 160
add-car 3144 126
add-car 3144 159
add-station 673 21 469 398 372 378 399 375 415 478 380 392 463 386 450 425 387 414 452 451 369 389 460
add-station 2426 22 630 643 585 679 762 600 742 728 713 719 646 577 676 650 618 686 714 653 697 696 635 608
add-station 1609 16 1528 1440 1398 1571 1386 1779 1830 1576 1442 1736 1596 1599 1523 1836 1517 1827
add-station 302 18 275 253 305 235 306 283 238 239 285 292 275 311 258 265 282 283 294 305
add-station 1842 17 1813 1883 1698 1581 2003 1913 2008 1981 1733 1755 1975 1867 1680 1600 1980 1977 2006
add-station 3393 19 82 69 86 76 85 69 83 78 73 83 90 89 73 68 68 67 77 76 73
add-station 434 15 332 295 352 348 358 356 348 315 328 380 296 359 376 352 339
demolish-station 1647
add-station 541 18 386 353 359 375 409 359 325 410 343 350 348 343 404 404 375 328 382 371
add-station 1261 16 1323 1082 1062 1149 1321 1008 1047 1239 1273 1202 1145 1248 1006 1165 1088 1067
add-station 2239 17 1058 940 1051 1107 902 917 837 1035 909 824 1106 950 1070 973 966 1034 994
add-station 318 24 295 284 310 314 292 269 265 246 255 269 319 284 273 251 292 253 262 279 306 300 264 293 263 296
add-station 23 21 129 102 124 135 105 128 105 109 124 107 114 134 132 117 105 116 133 126 131 129 118
add-station 1429 18 1553 1360 1432 1589 1308 1605 1548 1231 1462 1350 1600 1486 1590 1611 1485 1391 1447 1280
add-car 3044 147
add-station 865 0
add-car 865 429
add-car 865 525
add-car 865 446
add-car 865 535
add-car 865 440
add-car 865 435
add-car 865 533
add-car 865 442
add-car 865 421
add-car 865 534
add-car 865 558
add-car 865 431
add-car 865 531
add-car 865 484
add-car 865 455
add-car 865 516
add-station 3683 0
add-car 3683 0
add-car 3683 1
add-car 3683 0
add-car 3683 0
add-car 3683 0
add-car 3683 1
add-car 3683 1
add-car 3683 1
add-car 3683 0
add-car 3683 0
add-car 3683 0
add-car 3683 1
add-car 3683 1
add-car 3683 0
add-car 3683 1
add-car 3683 1
add-station 2314 18 842 848 915 750 956 869 775 841 793 882 843 897 874 811 880 900 724 913
add-station 1800 21 1885 1893 1563 1970 1996 1805 1511 1762 1964 1702 1588 1751 1752 1542 2024 1646 1726 1577 1903 1916 1647
add-station 3149 20 143 136 152 145 143 166 136 165 127 161 124 151 144 136 147 147 161 140 126 126
add-station 2921 17 203 192 197 186 231 204 180 196 195 205 229 217 197 203 219 228 188
scrap-car 767 530
add-station 3543 20 35 32 43 38 38 43 37 37 34 42 38 39 32 43 39 35 44 41 34 37
add-station 2168 20 1148 1006 980 1053 1181 1062 1110 951 1152 945 1081 1002 964 1210 1123 1166 1133 1102 1173 1225
add-station 2690 16 333 360 299 286 308 351 339 356 283 296 325 320 361 307 327 343
add-station 1196 19 1181 969 1175 1189 1198 910 1125 1069 1138 1178 1036 1019 1099 1201 1139 1117 1045 937 912
add-station 2058 18 1341 1120 1302 1310 1464 1164 1261 1291 1152 1149 1332 1155 1470 1183 1201 1307 1153 1477
add-station 1681 16 1917 1697 1447 1654 1758 1464 1860 1688 1652 1689 1474 1746 1427 1772 1924 1870
add-station 3460 18 55 58 56 63 54 69 67 53 62 69 67 65 57 62 62 51 60 62
add-station 1913 14 1675 1424 1632 1471 1731 1510 1770 1853 1862 1663 1402 1684 1683 1482
add-station 980 15 720 610 561 595 663 542 673 644 564 703 545 646 568 656 600
add-station 1260 16 1097 1248 1110 1048 985 1273 1178 1274 1171 1197 1076 1004 1299 1133 1167 1203
add-station 358 24 284 333 311 256 292 314 326 305 254 259 274 341 323 337 306 331 327 295 281 339 322 278 280 279
scrap-car 2977 236
add-station 1956 22 1558 1636 1561 1335 1508 1361 1669 1670 1698 1686 1602 1585 1727 1699 1422 1440 1379 1743 1713 1465 1569 1716
add-station 3596 16 21 26 27 27 20 23 24 26 25 23 25 22 27 22 20 24
add-car 2874 3525
add-station 263 15 269 280 235 284 223 230 261 227 271 241 275 251 281 272 270
add-station 2091 17 1395 1177 1087 1372 1302 1285 1243 1348 1304 1110 1065 1230 1064 1143 1307 1342 1244
demolish-station 2890
add-station 1664 18 1649 1591 1738 1626 1616 1732 1631 1888 1852 1565 1557 1518 1555 1661 1575 1527 1766 1651
add-station 385 18 294 328 280 290 354 303 336 334 338 324 354 329 309 309 325 315 277 343
add-station 2956 22 225 176 210 190 187 184 203 202 178 185 185 176 204 178 198 170 217 174 208 192 204 216
add-station 1092 15 784 833 804 743 852 817 944 890 851 823 918 959 865 739 872
add-station 3526 15 39 49 46 40 38 49 46 43 39 49 47 41 47 37 41
add-station 1598 23 1764 1360 1786 1821 1489 1640 1422 1688 1418 1525 1403 1635 1706 1527 1417 1500 1533 1701 1691 1514 1370 1549 1367
add-station 1469 0
add-car 1469 1537
add-car 1469 1426
add-car 1469 1330
add-car 1469 1578
add-car 1469 1658
add-car 1469 1303
add-car 1469 1635
add-car 1469 1257
add-car 1469 1646
add-car 1469 1489
add-car 1469 1419
add-car 1469 1281
add-car 1469 1326
add-car 1469 1569
add-car 1469 1489
add-car 1469 1374
add-car 1469 1450
add-car 1469 1436
add-car 1469 1565
add-car 1469 1586
add-station 1341 14 1248 1284 1208 1266 1372 1240 1239 1414 1108 1285 1348 1089 1179 1293
add-car 2183 1177
add-station 1265 17 1227 1149 988 1257 1151 1116 1086 1021 1311 1281 1229 1133 1202 1126 1172 1063 994
add-station 232 19 250 233 219 205 261 213 240 221 238 265 200 229 202 264 255 256 250 210 232
add-station 219 23 198 222 221 198 208 203 245 262 234 214 231 244 252 241 208 246 253 261 248 229 229 236 227
add-station 172 14 225 179 219 217 194 234 231 208 188 184 188 234 178 199
add-station 1826 0
add-car 1826 1846
add-car 1826 1846
add-car 1826 2009
add-car 1826 2040
add-car 1826 1749
add-car 1826 1680
add-car 1826 1836
add-car 1826 1651
add-car 1826 1723
add-car 1826 1728
add-car 1826 1864
add-car 1826 1911
add-car 1826 1733
add-car 1826 1720
add-car 1826 1541
add-car 1826 1810
add-car 1826 1595
add-car 1826 1948
add-car 1826 1754
add-car 1826 1924
add-car 1826 1528
add-car 1826 1757
add-car 1826 1582
add-station 3204 17 127 134 133 112 147 138 115 118 147 148 137 114 110 142 115 113 124
add-station 1687 15 1495 1532 1610 1903 1677 1685 1585 1711 1470 1526 1911 1431 1582 1689 1651
add-station 2396 24 631 740 715 604 659 777 701 724 656 646 799 741 677 656 710 746 744 619 628 706 790 807 617 708
add-station 3380 20 91 75 70 77 90 71 92 75 73 82 70 73 77 83 87 94 87 75 81 77
add-station 1389 22 1148 1395 1429 1448 1396 1179 1439 1410 1321 1198 1522 1463 1510 1539 1189 1227 1424 1426 1358 1498 1254 1547
add-station 478 24 307 371 316 381 342 382 378 383 349 360 317 313 340 333 346 402 344 385 359 381 381 368 312 401
add-station 2184 0
add-car 2184 1013
add-car 2184 984
add-car 2184 942
add-car 2184 1167
add-car 2184 1098
add-car 2184 986
add-car 2184 1022
add-car 2184 1123
add-car 2184 984
add-car 2184 1047
add-car 2184 1042
add-car 2184 994
add-car 2184 1001
add-car 2184 1015
add-car 2184 1182
add-car 2184 1231
add-car 2184 1202
add-car 2184 1196
add-car 2184 1091
add-car 2184 1183
add-car 2184 1180
add-car 2184 1170
add-car 2184 917
add-station 3549 17 41 35 34 35 33 32 37 36 42 41 40 32 32 31 31 37 32
add-station 678 15 405 417 428 465 451 440 482 485 482 464 372 470 483 393 459
add-station 3142 21 131 130 161 160 141 134 148 162 133 129 133 163 146 132 139 146 168 141 149 164 140
add-station 2456 17 682 643 680 598 611 545 612 700 602 635 676 664 534 646 627 556 629
add-station 902 14 510 433 468 549 535 533 481 476 434 570 492 465 555 578
add-station 1304 18 1071 1327 1085 1312 1284 1070 1282 1043 1223 1395 1118 1402 1110 1282 1333 1225 1053 1300
add-station 1851 0
add-car 1851 1699
add-car 1851 1553
add-car 1851 1656
add-car 1851 1512
add-car 1851 1787
add-car 1851 1989
add-car 1851 1645
add-car 1851 1634
add-car 1851 1820
add-car 1851 1588
add-car 1851 1991
add-car 1851 1674
add-car 1851 1573
add-car 1851 2012
add-car 1851 1609
add-car 1851 1713
add-car 1851 2039
add-car 1851 1738
add-car 1851 1628
add-car 1851 1713
add-car 1851 1699
add-station 3024 20 177 170 165 199 203 158 201 183 202 198 190 176 173 173 169 191 158 189 174 156
add-station 2152 19 1263 1219 1050 1300 998 1062 1275 1160 1181 1166 1177 1272 1062 1063 1011 1260 1029 1113 1062
add-station 3185 22 139 155 150 153 127 126 144 124 147 146 137 124 150 144 154 135 126 115 134 116 145 125
add-station 3086 24 138 155 184 153 149 176 173 168 161 140 151 173 138 162 142 151 173 163 140 175 181 165 179 173
demolish-station 181
add-station 106 14 193 174 149 174 161 152 183 165 161 183 154 176 157 178
add-station 3321 21 93 111 92 96 96 87 84 103 92 105 95 98 92 94 87 106 86 84 92 102 86
add-station 2369 19 803 732 728 705 699 807 698 732 766 811 656 674 760 751 682 771 654 660 779
add-car 429 297
add-station 1494 19 1264 1675 1521 1467 1300 1634 1417 1379 1294 1673 1433 1498 1363 1621 1490 1554 1554 1328 1700
add-station 851 16 473 535 553 475 493 436 557 516 462 482 487 445 539 507 472 474
add-car 501 311
add-station 2907 15 224 189 188 217 236 181 184 198 196 234 237 194 231 208 198
add-station 1413 15 1400 1314 1334 1271 1326 1552 1542 1536 1349 1354 1397 1421 1469 1430 1309
add-station 2576 15 457 407 484 482 426 523 472 479 430 521 462 433 457 404 470
add-station 1560 19 1472 1488 1693 1712 1384 1662 1611 1535 1448 1447 1442 1462 1588 1674 1615 1594 1472 1562 1564
add-station 1854 16 1971 1532 1881 1748 1522 1992 1950 2014 1578 1702 1681 1585 1765 1686 1704 1962
add-station 1643 24 1560 1773 1656 1844 1840 1510 1594 1741 1771 1449 1796 1839 1637 1560 1507 1710 1515 1842 1646 1837 1466 1554 1870 1761
add-station 1604 0
add-car 1604 1730
add-car 1604 1416
add-car 1604 1623
add-car 1604 1792
add-car 1604 1533
add-car 1604 1441
add-car 1604 1377
add-car 1604 1378
add-car 1604 1454
add-car 1604 1491
add-car 1604 1762
add-car 1604 1461
add-car 1604 1814
add-car 1604 1594
add-car 1604 1481
add-car 1604 1832
add-car 1604 1801
add-car 1604 1504
add-car 1604 1768
add-car 1604 1614
add-car 1604 1691
add-car 1604 1707
add-station 472 15 367 308 318 307 359 359 338 385 327 373 397 356 320 310 334
add-station 1016 21 689 697 700 694 812 764 767 802 760 808 790 767 612 797 612 799 605 662 728 688 720
add-station 600 15 391 415 364 457 447 457 443 384 387 429 390 352 358 361 433
add-station 22 14 130 105 113 130 102 109 110 112 123 130 125 135 127 117
add-station 3630 17 12 13 13 14 12 13 13 16 12 13 12 14 14 12 13 13 16
add-station 137 19 201 171 204 195 189 207 210 197 211 167 168 194 190 208 186 158 182 163 162
add-station 3028 22 199 200 164 178 152 169 158 195 203 163 184 191 161 159 169 161 194 167 164 152 162 195
add-station 1675 14 1651 1782 1659 1774 1454 1755 1809 1683 1533 1808 1777 1751 1440 1746
add-station 1253 16 1041 1276 1190 1076 1028 1092 1046 1093 1256 1001 1241 1083 1034 1028 1113 1056
add-station 123 24 201 175 150 187 176 170 155 200 156 202 168 166 157 150 153 162 180 172 164 161 171 164 198 161
scrap-car 232 255
add-station 2214 14 921 1095 1040 1030 1057 1064 920 943 949 1047 918 1037 1027 941
add-station 1539 14 1684 1587 1398 1681 1637 1448 1765 1689 1717 1311 1466 1445 1600 1541
add-station 212 18 193 247 257 238 240 251 238 208 251 243 258 193 205 218 221 242 210 207
add-station 2015 24 1408 1452 1333 1535 1208 1591 1305 1469 1201 1227 1498 1568 1523 1413 1227 1250 1332 1312 1293 1378 1225 1408 1448 1452
add-station 1760 23 1557 1554 1873 1858 1734 1610 1997 1864 1670 1593 1603 1912 1500 1643 1764 1606 1754 1716 1530 1749 1850 1652 1768
add-station 1887 15 1709 1733 1450 1480 1810 1528 1884 1518 1644 1852 1936 1563 1585 1566 1526
add-station 664 20 380 402 397 396 396 484 394 399 372 419 443 386 400 486 488 480 474 433 469 403
add-station 430 0
add-car 430 319
add-car 430 378
add-car 430 335
add-car 430 318
add-car 430 312
add-car 430 339
add-car 430 292
add-car 430 368
add-car 430 330
add-car 430 286
add-car 430 322
add-car 430 358
add-car 430 301
add-car 430 369
add-car 430 317
add-car 430 316
add-car 430 345
add-car 430 371
add-car 430 331
add-car 430 298
add-car 430 317
add-car 430 372
add-car 413 343
add-station 3047 15 187 149 193 169 182 152 183 168 171 182 168 162 189 161 162
add-station 2708 14 293 269 346 261 276 289 305 326 290 293 292 271 276 293
add-station 455 23 381 387 382 330 389 309 376 356 316 363 329 333 290 349 299 299 386 328 297 383 323 313 317
add-station 1079 14 798 711 756 805 798 725 771 755 809 845 918 742 899 870
add-station 1596 17 1645 1389 1666 1373 1561 1512 1831 1487 1705 1658 1805 1724 1450 1823 1794 1493 1368
add-car 2302 1318
add-station 341 19 289 278 292 276 248 271 257 318 329 329 280 282 267 266 285 251 251 266 301
add-station 1093 14 742 795 781 931 796 751 799 814 739 944 871 739 741 746
demolish-station 1093
add-station 2968 22 177 191 212 177 181 200 205 195 196 200 211 171 183 213 190 180 164 187 217 199 210 192
add-station 381 17 303 300 289 305 307 302 325 333 341 304 326 265 269 308 272 333 301
add-station 2650 19 353 315 344 330 346 316 400 312 320 420 419 381 414 405 356 317 352 388 368
add-station 180 15 234 181 198 208 195 221 216 220 217 183 238 223 177 237 209
add-station 3509 0
add-car 3509 44
add-car 3509 51
add-car 3509 47
add-car 3509 40
add-car 3509 49
add-car 3509 42
add-car 3509 50
add-car 3509 44
add-car 3509 42
add-car 3509 43
add-car 3509 53
add-car 3509 47
add-car 3509 42
add-car 3509 46
add-car 3509 53
add-car 3509 54
add-station 11 21 127 98 114 117 129 109 124 121 122 125 96 117 113 99 118 128 121 100 104 123 121
add-station 1253 21 68 3567 3496 186 3241 1457 42 1840 2255 3054 1381 473 923 975 628 1678 2632 2789 1243 1935 3089
demolish-station 1094
add-station 2280 16 773 948 884 1033 894 1013 1027 963 831 802 774 801 928 1012 873 1007
add-station 2589 0
add-car 2589 430
add-car 2589 453
add-car 2589 440
add-car 2589 459
add-car 2589 457
add-car 2589 417
add-car 2589 488
add-car 2589 448
add-car 2589 397
add-car 2589 377
add-car 2589 402
add-car 2589 459
add-car 2589 438
add-car 2589 377
add-car 2589 390
add-car 2589 482
add-car 2589 409
add-car 2589 437
add-car 2589 412
add-car 2589 505
add-car 2589 458
add-car 2589 447
add-car 2589 383
add-station 3175 21 148 130 117 154 126 135 127 142 130 155 133 130 132 117 129 127 137 147 155 157 128
add-station 2604 20 384 418 422 445 452 413 386 434 371 417 465 439 360 466 414 484 452 364 420 446
add-station 2485 23 660 545 661 536 504 561 556 521 566 604 603 492 562 569 528 537 644 573 510 606 557 506 579
add-station 2539 22 498 577 578 519 455 461 542 489 449 464 573 565 573 509 509 532 551 452 504 500 562 569
add-station 1738 21 1927 1684 1951 1535 1566 1687 1919 1640 1817 1772 1663 1718 1871 1982 1508 1541 1925 1877 1708 1486 1774
add-station 2737 16 248 312 268 284 245 273 263 288 260 268 308 284 266 252 238 235
add-station 0 14 122 113 93 114 121 106 108 99 100 112 122 94 108 110
add-station 2174 16 1106 1160 1140 1175 1015 1032 1074 991 1127 939 1186 1158 1166 1169 985 1095
add-station 2229 22 1083 944 1043 912 1091 985 879 1132 850 1120 1058 981 1041 999 1088 942 1049 1024 1008 1134 972 1074
add-station 333 18 303 252 261 291 258 290 301 321 269 273 308 325 267 308 258 279 286 317
add-station 578 16 375 399 384 424 377 420 339 352 418 425 340 426 378 408 446 339
add-station 3394 22 66 81 86 77 84 81 84 79 79 77 76 84 82 76 74 67 71 69 78 74 75 73
add-station 2759 19 228 286 235 246 220 249 229 267 258 215 249 236 217 239 221 262 265 255 247
add-station 1977 0
add-car 1977 1388
add-car 1977 1379
add-car 1977 1658
add-car 1977 1470
add-car 1977 1375
add-car 1977 1688
add-car 1977 1322
add-car 1977 1478
add-car 1977 1705
add-car 1977 1501
add-car 1977 1588
add-car 1977 1581
add-car 1977 1607
add-car 1977 1701
add-car 1977 1404
add-car 1977 1663
add-car 1977 1596
add-car 1977 1310
add-car 1977 1422
add-car 1977 1571
add-car 1977 1370
add-station 2620 19 428 400 452 439 435 461 406 439 379 430 353 428 431 456 377 394 445 361 347
add-station 3518 20 50 48 42 47 46 44 47 39 48 47 50 50 39 45 51 46 47 44 40 38
add-station 2244 16 907 1011 930 923 1079 1030 940 855 976 875 1011 1023 888 892 957 933
add-station 708 18 427 463 474 406 437 409 481 466 461 398 445 441 494 393 448 446 392 491
add-station 86 17 152 152 180 143 135 146 145 179 155 165 138 174 148 150 152 143 142
add-station 3487 19 60 53 52 58 58 54 61 49 50 59 49 53 61 60 59 53 46 48 47
add-station 2534 18 479 541 510 480 561 488 437 481 482 465 508 493 474 505 557 586 523 489
add-station 1531 16 1429 1356 1343 1323 1395 1471 1339 1326 1344 1458 1515 1307 1535 1389 1305 1626
add-station 2570 20 459 447 408 398 512 418 525 462 499 423 466 507 437 395 481 491 460 452 419 461
add-station 3436 14 77 64 68 75 66 58 63 76 66 70 72 63 77 68
add-station 1742 0
add-car 1742 1880
add-car 1742 1937
add-car 1742 1485
add-car 1742 1929
add-car 1742 1626
add-car 1742 1733
add-car 1742 1587
add-car 1742 1866
add-car 1742 1979
add-car 1742 1473
add-car 1742 1898
add-car 1742 1471
add-car 1742 1561
add-car 1742 1793
add-car 1742 1839
add-car 1742 1701
add-station 2424 22 755 648 632 587 745 600 631 687 699 603 632 617 743 736 593 683 639 669 703 587 699 667
add-station 3531 17 35 39 42 46 47 40 35 35 36 40 40 39 36 45 38 44 42
add-station 2467 21 560 654 663 546 663 688 515 647 549 679 596 582 598 538 534 525 661 577 566 525 694
add-station 98 17 175 153 156 165 163 163 174 183 174 145 157 170 168 186 170 168 161
add-station 437 21 319 318 380 288 373 345 309 289 306 329 287 381 348 369 314 382 314 344 320 319 286
add-station 491 15 392 376 384 404 308 351 327 395 357 354 318 399 344 371 389
add-station 194 14 189 213 212 243 215 190 209 185 195 220 235 213 219 227
add-station 2623 19 421 356 443 452 351 400 421 403 412 357 411 390 444 378 436 453 354 452 371
add-station 1921 22 1636 1755 1811 1457 1770 1395 1389 1601 1711 1376 1838 1578 1386 1496 1745 1841 1825 1713 1797 1758 1563 1457
plan-route 237 3573
demolish-station 865
add-station 3135 19 141 147 165 130 164 167 162 127 152 129 140 161 164 137 150 141 140 154 139
add-station 1163 15 1124 886 958 950 1106 945 877 970 1037 1050 903 1095 1062 845 1094
add-station 1211 18 1196 979 1048 1116 987 1221 1188 972 979 1159 1077 1069 1174 1056 1021 1057 1216 1184
add-station 3385 15 92 83 90 88 72 86 69 75 72 72 82 89 83 70 90
scrap-car 1643 1771
add-station 1443 16 1440 1228 1539 1291 1409 1511 1428 1531 1378 1450 1495 1429 1374 1365 1281 1379
add-station 1210 15 973 1162 1180 1083 977 959 1059 937 1124 1141 1078 924 1082 1044 990
add-car 3683 22
add-car 3661 31
add-car 3630 31
plan-route 0 3661
