add-station 2056 15 181 187 219 194 205 216 219 203 186 220 213 224 196 179 203
add-station 3979 17 117 130 112 116 119 113 96 120 118 128 124 106 96 106 98 129 101
scrap-car 2056 182
add-station 40 23 279 300 271 262 294 321 317 349 306 304 332 344 281 338 272 284 321 276 262 279 312 339 343
add-station 1980 19 189 173 186 186 205 199 191 199 187 229 219 202 186 212 171 206 209 199 218
add-station 1285 0
add-car 1285 211
add-car 1285 228
add-car 1285 223
add-car 1285 264
add-car 1285 264
add-car 1285 258
add-car 1285 267
add-car 1285 228
add-car 1285 236
add-car 1285 229
add-car 1285 224
add-car 1285 214
add-car 1285 248
add-car 1285 267
add-car 1285 251
add-car 1285 256
add-station 2825 0
add-car 2825 852
add-car 2825 1068
add-car 2825 895
add-car 2825 1028
add-car 2825 960
add-car 2825 1047
add-car 2825 924
add-car 2825 865
add-car 2825 899
add-car 2825 962
add-car 2825 967
add-car 2825 1048
add-car 2825 973
add-car 2825 1033
add-car 2825 995
add-car 2825 822
add-car 2825 840
add-car 2825 883
add-station 688 17 271 294 315 241 245 251 238 260 277 307 253 282 320 295 310 320 260
add-station 1095 22 220 281 237 290 273 250 267 297 274 273 287 274 287 293 272 240 255 293 276 239 265 287
demolish-station 2599
add-station 2151 16 206 186 190 170 178 169 207 193 168 208 207 189 206 204 205 170
add-station 3701 25 323 306 390 358 356 333 390 332 387 378 317 367 319 325 335 369 363 311 376 356 332 394 342 329 309
add-station 3391 23 857 709 734 769 891 871 673 723 820 887 840 854 700 868 784 768 737 698 870 769 713 788 744
add-station 360 18 275 316 275 321 260 326 299 331 266 272 323 254 280 289 302 287 254 312
add-station 1057 23 240 228 286 278 267 227 264 236 265 225 263 251 270 268 298 233 289 260 257 289 236 263 264
demolish-station 1095
add-station 2625 0
add-car 2625 807
add-car 2625 759
add-car 2625 908
add-car 2625 849
add-car 2625 768
add-car 2625 802
add-car 2625 714
add-car 2625 877
add-car 2625 680
add-car 2625 725
add-car 2625 705
add-car 2625 705
add-car 2625 746
add-car 2625 889
add-car 2625 833
add-car 2625 883
add-car 2625 714
add-car 2625 779
add-car 2625 902
add-station 3957 19 112 114 141 137 133 130 125 137 119 122 115 125 131 124 136 135 121 116 138
add-station 1194 16 256 234 219 271 240 280 226 268 236 270 226 215 219 219 281 252
add-station 3012 22 914 1011 1031 1044 970 1039 1021 956 1035 872 1095 1133 1018 959 870 1060 930 969 1125 908 929 1084
add-station 2486 20 642 666 621 677 569 659 671 575 651 613 600 655 670 655 662 623 596 666 691 676
add-station 294 18 332 304 330 299 275 340 309 295 331 330 342 269 298 264 306 318 297 277
add-station 1012 23 248 253 291 271 230 250 268 252 297 289 290 284 300 296 245 253 251 268 283 249 265 267 264
add-station 2195 0
add-car 2195 240
add-car 2195 264
add-car 2195 270
add-car 2195 237
add-car 2195 254
add-car 2195 244
add-car 2195 242
add-car 2195 235
add-car 2195 272
add-car 2195 225
add-car 2195 230
add-car 2195 232
add-car 2195 233
add-car 2195 261
add-car 2195 254
scrap-car 2825 840
add-station 493 17 252 276 249 255 326 331 265 271 312 316 331 277 271 306 298 268 259
add-station 3863 26 218 174 228 200 180 183 222 202 189 176 177 171 177 170 187 227 208 209 222 222 184 218 186 169 211 192
add-station 1119 0
add-car 1119 227
add-car 1119 247
add-car 1119 219
add-car 1119 222
add-car 1119 262
add-car 1119 229
add-car 1119 254
add-car 1119 219
add-car 1119 243
add-car 1119 229
add-car 1119 253
add-car 1119 272
add-car 1119 240
add-car 1119 263
add-car 1119 254
add-car 1119 241
add-car 1119 221
add-car 1119 234
add-car 1119 286
add-car 1119 225
add-car 1119 283
add-car 1119 275
add-car 1119 245
add-car 1119 269
add-car 1119 248
add-station 2312 17 384 426 455 400 390 382 481 408 392 397 377 454 379 392 361 439 448
add-station 867 25 236 271 306 243 240 269 311 285 264 292 285 275 282 273 279 236 262 273 236 282 276 233 260 274 302
add-station 1685 22 220 229 229 215 190 210 197 244 200 206 252 212 223 239 231 239 220 230 239 204 190 240
add-station 3142 25 934 956 1171 897 1102 951 1077 899 934 938 917 897 1104 908 1118 1018 1140 915 929 906 1032 1046 1202 1008 1060
add-station 1113 25 286 294 247 267 262 227 226 277 267 254 246 251 272 280 238 280 220 228 226 278 226 232 274 265 227
add-station 4130 24 35 41 39 37 43 34 33 33 44 35 43 32 42 41 37 39 39 41 39 42 40 43 44 40
add-station 3493 20 580 655 612 659 640 563 555 586 667 539 705 625 611 548 716 585 667 553 570 544
add-station 1681 23 224 239 247 255 242 199 196 218 230 217 241 196 231 196 249 236 213 226 255 227 232 231 189
add-station 633 0
add-car 633 267
add-car 633 283
add-car 633 271
add-car 633 295
add-car 633 282
add-car 633 302
add-car 633 263
add-car 633 263
add-car 633 293
add-car 633 308
add-car 633 284
add-car 633 254
add-car 633 313
add-car 633 292
add-car 633 287
add-car 633 251
add-car 633 306
add-car 633 317
add-car 633 266
add-car 633 242
add-car 633 247
add-car 633 274
add-car 633 298
add-car 633 266
add-car 633 293
add-station 3107 20 1174 1075 1164 973 1023 923 1189 924 928 922 1118 1186 1124 1007 1156 1027 990 1124 1002 1011
add-station 116 25 303 318 319 338 317 321 302 294 333 262 301 291 335 302 305 274 296 308 342 290 340 275 337 278 300
add-station 152 25 331 334 283 307 293 326 290 330 305 324 291 309 279 277 337 339 272 280 336 308 296 302 322 267 333
add-station 489 21 296 253 261 324 308 262 289 294 269 281 245 261 284 266 308 270 290 298 329 298 273
add-station 2094 20 191 203 217 218 188 222 211 220 192 199 219 195 203 216 169 208 208 194 181 171
add-station 985 20 299 227 268 265 264 255 232 279 257 244 230 224 276 236 255 302 275 282 262 261
add-station 1010 21 290 300 243 272 248 280 241 290 299 226 250 287 267 279 226 254 236 244 262 269 242
add-station 1090 22 289 263 243 246 244 254 270 242 228 272 293 242 237 297 274 237 277 272 226 243 281 284
add-station 2335 20 418 408 503 421 507 459 516 398 420 492 493 438 416 513 407 408 491 461 411 459
add-station 1768 21 198 243 197 221 220 187 196 196 212 215 191 191 225 231 219 213 232 235 233 229 198
add-station 859 17 307 267 248 286 295 307 252 277 296 263 292 274 267 269 291 294 231
add-station 2555 21 660 727 754 724 636 616 763 695 690 795 754 769 694 754 677 762 792 722 771 621 693
add-station 1724 17 203 194 200 216 199 197 231 243 250 241 187 201 187 245 236 188 195
add-station 654 16 248 317 313 256 280 307 280 280 292 302 288 255 288 321 291 315
add-station 2747 23 817 938 802 910 911 1020 923 834 986 828 841 957 862 788 993 832 807 923 886 925 798 911 859
add-station 2338 17 495 505 492 443 526 464 518 507 447 505 481 512 425 399 518 404 392
add-station 2466 23 641 580 684 553 566 707 610 668 607 556 685 610 558 598 648 580 715 541 577 687 651 705 551
scrap-car 2338 464
add-station 1076 16 243 241 243 230 294 272 279 240 257 241 226 292 255 239 289 277
add-station 269 16 325 312 330 323 316 266 309 314 277 335 343 314 291 284 329 259
add-station 874 0
add-car 874 296
add-car 874 289
add-car 874 240
add-car 874 277
add-car 874 270
add-car 874 273
add-car 874 256
add-car 874 297
add-car 874 297
add-car 874 286
add-car 874 267
add-car 874 238
add-car 874 310
add-car 874 245
add-car 874 306
add-car 874 301
add-car 874 285
add-car 874 290
add-station 841 24 243 291 246 239 236 278 286 292 259 260 239 248 273 287 283 290 239 265 263 271 270 294 288 240
add-station 2392 25 527 470 481 563 507 591 563 457 544 457 597 477 492 544 495 481 582 514 473 468 573 468 458 488 455
add-station 4260 25 6 5 5 6 5 5 5 5 6 4 4 5 5 5 4 5 6 6 5 6 6 5 5 6 6
add-station 211 22 326 280 315 292 290 316 276 333 315 262 346 264 298 265 292 310 274 259 327 255 337 322
add-station 1905 24 227 222 179 228 202 237 189 213 211 197 196 223 205 215 211 181 213 177 230 201 206 199 192 232
add-station 293 17 267 340 298 326 262 270 282 316 305 335 332 338 337 265 306 326 295
add-station 1789 20 232 224 242 226 221 241 233 228 243 228 188 212 215 238 196 242 186 242 197 216
add-station 839 20 286 236 240 294 278 259 249 281 262 286 239 275 238 306 279 263 240 300 233 292
add-station 593 0
add-car 593 283
add-car 593 247
add-car 593 313
add-car 593 302
add-car 593 294
add-car 593 296
add-car 593 319
add-car 593 305
add-car 593 245
add-car 593 242
add-car 593 251
add-car 593 280
add-car 593 323
add-car 593 257
add-car 593 321
add-car 593 257
add-car 593 250
add-car 593 277
add-car 593 274
add-car 593 279
add-car 593 287
add-car 593 306
add-car 593 261
add-car 593 284
add-car 593 320
add-station 705 24 259 247 274 258 267 269 292 296 256 296 269 313 265 255 290 306 265 314 293 308 239 261 288 298
add-station 3100 18 1090 1132 937 939 1035 1031 1101 1116 932 1072 905 996 1156 1017 967 1140 1113 973
add-station 904 24 291 261 254 264 256 238 233 258 303 266 305 232 301 268 244 301 305 231 237 292 294 232 286 263
add-station 1442 19 211 208 241 224 264 230 245 255 261 233 230 249 208 271 215 248 204 222 257
add-station 4035 20 91 76 88 86 75 69 85 79 70 90 92 70 77 69 73 85 80 83 81 73
add-station 1659 18 253 246 198 218 213 218 240 239 246 230 208 191 255 231 239 238 237 212
add-station 2067 21 219 214 190 194 220 166 180 212 201 170 171 213 168 206 222 202 218 179 167 197 217
add-station 423 19 253 308 297 304 324 297 280 275 294 296 297 316 283 318 289 319 329 263 317
add-station 1798 26 196 241 214 218 230 195 202 235 239 219 214 244 242 224 196 243 244 190 184 202 209 189 186 224 215 189
add-station 4250 22 6 6 7 6 6 6 7 6 8 7 6 6 6 6 7 7 6 8 6 6 8 6
add-station 539 20 271 291 328 288 316 260 250 289 286 273 266 267 277 279 300 304 287 314 258 298
add-station 2568 24 765 797 797 650 729 801 826 711 740 809 748 701 725 779 626 633 815 764 659 708 727 648 776 751
add-station 2704 23 763 925 768 925 846 766 742 877 770 776 902 897 735 929 765 864 734 812 809 877 747 802 775
add-station 761 23 298 234 243 289 237 309 281 271 310 303 264 280 317 260 276 264 301 291 289 296 300 244 311
add-station 3586 0
add-car 3586 434
add-car 3586 461
add-car 3586 456
add-car 3586 453
add-car 3586 554
add-car 3586 431
add-car 3586 450
add-car 3586 508
add-car 3586 500
add-car 3586 424
add-car 3586 447
add-car 3586 516
add-car 3586 475
add-car 3586 521
add-car 3586 458
add-car 3586 436
add-car 3586 545
add-car 3586 434
add-car 3586 539
add-station 3048 16 956 1085 1025 1089 941 886 1063 905 884 1060 883 1044 1089 1055 907 1054
add-station 3796 22 259 237 271 294 287 264 277 280 268 240 240 281 262 269 238 267 240 272 285 275 273 290
add-station 1126 16 240 264 283 290 268 274 268 245 270 278 236 239 287 278 284 230
add-station 4230 26 9 9 12 10 12 9 9 10 12 10 11 11 10 12 12 10 10 9 12 10 9 12 12 9 10 11
add-station 1649 20 238 210 200 206 216 231 220 235 223 225 237 202 197 252 207 209 197 232 208 234
add-station 3411 22 770 745 661 644 664 689 723 716 820 764 824 831 854 818 730 677 761 723 816 799 733 845
add-station 2680 0
add-car 2680 809
add-car 2680 846
add-car 2680 917
add-car 2680 916
add-car 2680 733
add-car 2680 963
add-car 2680 753
add-car 2680 730
add-car 2680 960
add-car 2680 773
add-car 2680 873
add-car 2680 715
add-car 2680 789
add-car 2680 773
add-car 2680 909
add-car 2680 961
add-station 1350 24 271 213 279 219 227 239 262 263 226 236 269 276 265 231 226 214 234 220 242 225 241 216 268 213
add-station 759 23 245 254 246 287 258 301 263 258 252 282 244 286 273 305 273 277 303 301 271 307 316 252 290
add-station 4269 21 3 4 4 4 3 3 4 4 3 4 3 4 4 4 4 3 4 3 3 4 3
add-station 2699 24 749 754 976 949 878 930 831 883 846 920 852 875 950 824 867 826 727 785 744 943 819 915 790 763
scrap-car 360 280
add-station 3209 21 1128 1028 980 1071 1033 899 1000 1001 901 1121 1074 1080 1120 992 1100 1140 1200 1056 1188 959 1016
add-station 814 0
add-car 814 268
add-car 814 256
add-car 814 261
add-car 814 265
add-car 814 260
add-car 814 294
add-car 814 310
add-car 814 312
add-car 814 305
add-car 814 252
add-car 814 250
add-car 814 268
add-car 814 262
add-car 814 241
add-car 814 311
add-car 814 234
add-station 1419 22 208 263 255 252 202 270 250 247 240 222 230 251 268 274 273 243 209 214 268 258 210 266
add-station 3983 23 120 114 98 111 122 101 124 105 98 110 126 94 118 116 120 105 127 117 120 115 120 104 95
add-station 3960 15 128 107 134 113 131 120 140 129 124 109 135 145 140 117 128
add-station 1305 19 263 276 238 253 233 223 224 275 273 257 275 246 231 277 229 254 263 246 255
add-car 1105 955
add-station 2406 23 543 569 498 482 617 624 489 558 504 525 552 539 595 469 511 480 595 609 558 527 602 524 568
add-station 1676 24 249 200 226 212 246 254 254 223 194 243 232 235 230 192 198 236 254 247 229 248 224 243 194 192
add-station 561 26 324 257 267 283 317 253 290 299 265 275 246 290 298 260 245 300 292 248 262 301 249 264 243 318 253 301
add-station 1960 21 173 202 232 213 228 207 200 229 176 225 197 191 181 194 226 177 223 200 216 197 213
add-station 3256 18 1137 1168 1015 941 874 889 1021 972 912 978 1163 1062 1136 1138 1090 979 1121 915
add-station 1074 19 256 284 223 294 224 287 281 236 243 283 272 226 220 244 297 254 232 287 234
demolish-station 3391
add-station 715 18 277 289 254 301 268 298 300 250 290 312 315 313 282 305 240 308 253 244
add-station 3893 21 158 194 195 153 195 168 188 186 195 153 198 153 184 195 168 198 156 168 148 148 177
add-station 2413 19 497 484 549 498 578 572 605 495 563 614 589 485 583 524 540 550 559 501 585
add-station 1548 15 210 198 223 241 240 263 249 258 234 209 234 223 224 199 239
add-station 3610 21 490 486 494 413 500 460 436 420 447 526 531 417 438 477 480 395 438 474 433 488 502
add-station 1718 20 232 250 250 226 220 215 248 223 235 239 219 236 248 223 209 221 214 232 238 190
add-station 4111 20 41 45 47 50 44 40 47 48 51 45 46 47 46 41 52 52 41 50 48 39
add-station 3867 16 186 214 212 215 221 176 198 216 178 185 205 215 202 188 168 224
add-station 3452 21 704 604 740 614 723 641 609 773 724 660 614 708 604 607 712 631 616 705 620 671 725
add-station 199 20 289 304 277 313 256 282 294 273 340 258 301 323 341 287 334 314 343 297 269 286
plan-route 4260 269
add-station 2297 23 405 401 457 364 401 374 359 459 421 357 440 379 373 365 450 397 339 383 426 407 362 424 412
add-station 2871 16 1015 1032 913 943 883 1059 922 916 1035 987 972 912 988 985 1077 905
add-station 1274 17 268 281 222 271 268 258 254 262 242 271 222 272 245 282 219 247 272
add-car 761 292
add-station 4283 19 3 3 3 2 2 3 2 2 3 3 2 2 2 2 3 2 2 3 2
add-station 2907 18 922 1048 911 906 895 854 1045 952 982 1000 1127 1085 900 884 1006 1085 988 1124
scrap-car 423 297
add-station 1902 24 230 197 199 238 185 194 180 209 210 224 219 175 183 201 198 208 219 202 191 221 222 197 223 225
add-station 2938 20 1037 934 1057 1028 1121 1024 1018 1020 944 878 941 1102 1142 1062 963 1006 858 896 1033 1098
add-station 2508 0
add-car 2508 621
add-car 2508 633
add-car 2508 623
add-car 2508 684
add-car 2508 653
add-car 2508 763
add-car 2508 574
add-car 2508 629
add-car 2508 712
add-car 2508 599
add-car 2508 601
add-car 2508 614
add-car 2508 615
add-car 2508 745
add-car 2508 677
add-car 2508 618
add-car 2508 713
add-car 2508 624
add-car 2508 664
add-car 2508 712
add-car 2508 756
add-car 2508 766
add-car 2508 677
add-car 2508 701
add-car 2508 667
add-car 3979 131
add-station 3962 19 110 111 117 124 107 116 135 126 139 106 110 126 123 113 124 127 135 122 128
add-station 1555 23 198 246 212 251 207 235 260 258 264 207 249 250 227 225 229 257 228 227 204 225 247 202 220
add-station 432 21 285 313 249 297 297 318 252 256 330 335 333 279 331 260 313 309 319 260 302 292 248
add-car 1687 2652
add-station 3637 23 472 451 420 439 443 371 422 488 456 370 456 478 493 406 437 480 421 402 471 492 472 471 440
add-car 1960 182
add-station 1845 16 217 222 211 223 205 236 235 235 220 210 233 203 200 192 218 210
add-station 1964 26 182 200 176 220 191 210 176 228 222 196 190 217 208 181 212 173 178 177 173 202 210 196 191 172 221 185
add-station 706 19 297 305 242 279 293 274 293 290 302 319 287 286 250 282 256 307 278 269 272
add-station 2412 26 611 493 575 473 614 535 637 640 536 553 480 504 510 494 502 512 495 595 498 563 530 560 515 522 536 513
add-station 4078 0
add-car 4078 62
add-car 4078 63
add-car 4078 56
add-car 4078 55
add-car 4078 67
add-car 4078 68
add-car 4078 62
add-car 4078 55
add-car 4078 67
add-car 4078 68
add-car 4078 51
add-car 4078 57
add-car 4078 55
add-car 4078 63
add-car 4078 53
add-car 4078 60
add-station 2882 22 989 1000 1073 859 978 895 871 858 1083 1027 1060 946 896 927 1091 832 1009 1114 884 893 980 931
add-station 613 0
add-car 613 313
add-car 613 289
add-car 613 291
add-car 613 280
add-car 613 264
add-car 613 311
add-car 613 324
add-car 613 254
add-car 613 254
add-car 613 280
add-car 613 278
add-car 613 252
add-car 613 288
add-car 613 283
add-car 613 290
add-car 613 323
add-car 613 296
add-car 613 240
add-car 613 299
add-car 613 253
add-station 2188 19 240 206 236 211 249 200 209 225 207 242 197 226 209 202 248 208 254 206 215
add-station 1322 17 229 215 250 235 254 237 245 280 224 248 257 234 211 229 219 218 209
add-station 3872 22 206 186 218 174 176 183 178 196 170 176 215 190 165 175 170 195 206 212 215 175 220 197
add-station 3125 23 1116 1139 894 1021 916 905 1170 1123 1047 1082 939 977 949 1046 986 999 958 1183 1145 1028 1109 972 972
add-station 3736 19 274 333 297 363 322 337 327 301 325 321 295 351 316 272 341 280 279 298 353
add-station 2172 23 197 223 207 210 231 199 209 178 179 207 200 206 215 191 205 226 228 198 210 209 207 213 213
plan-route 3893 839
add-station 58 26 268 262 295 266 351 347 286 293 348 267 321 274 338 315 341 328 333 325 300 314 320 333 291 264 322 304
add-station 3431 15 799 626 819 671 662 714 814 665 752 765 731 661 642 753 644
add-station 3727 17 356 356 365 305 353 304 368 300 297 322 316 360 342 279 302 360 304
add-station 1867 19 235 224 213 194 206 228 239 193 201 235 227 234 211 224 211 232 196 219 230
add-station 795 24 233 240 297 243 271 253 295 244 247 267 292 286 250 290 270 251 277 282 240 289 307 244 304 278
add-station 1693 22 250 236 249 195 198 197 246 235 223 221 196 235 239 225 238 241 251 235 231 192 195 231
add-station 834 16 257 277 275 249 281 254 311 283 293 275 302 262 233 310 234 252
scrap-car 211 331
add-station 1135 0
add-car 1135 217
add-car 1135 288
add-car 1135 264
add-car 1135 239
add-car 1135 232
add-car 1135 287
add-car 1135 247
add-car 1135 288
add-car 1135 263
add-car 1135 261
add-car 1135 291
add-car 1135 257
add-car 1135 294
add-car 1135 226
add-car 1135 270
add-car 1135 274
add-car 1135 292
add-station 3660 22 417 458 458 419 454 453 387 414 455 455 450 374 461 350 401 460 391 388 361 457 445 421
add-station 2671 0
add-car 2671 881
add-car 2671 912
add-car 2671 902
add-car 2671 719
add-car 2671 872
add-car 2671 715
add-car 2671 798
add-car 2671 939
add-car 2671 786
add-car 2671 747
add-car 2671 919
add-car 2671 821
add-car 2671 782
add-car 2671 828
add-car 2671 814
add-car 2671 933
add-station 4129 17 40 37 39 37 33 42 33 38 34 43 39 43 39 37 36 39 40
add-car 2699 943
add-station 647 17 294 271 285 260 289 320 281 251 272 311 314 291 290 261 241 304 291
add-station 1150 15 225 220 283 226 279 229 291 240 248 249 254 255 260 243 223
add-station 4107 17 54 50 44 53 48 48 43 51 49 51 44 41 42 41 41 46 50
add-station 4002 20 112 91 91 111 109 105 95 108 88 98 96 101 93 96 111 104 98 95 91 110
add-station 248 17 304 282 258 297 260 256 313 341 265 254 255 262 303 260 321 308 271
add-station 1388 0
add-car 1388 238
add-car 1388 243
add-car 1388 267
add-car 1388 227
add-car 1388 244
add-car 1388 259
add-car 1388 238
add-car 1388 216
add-car 1388 219
add-car 1388 250
add-car 1388 234
add-car 1388 255
add-car 1388 208
add-car 1388 238
add-car 1388 269
add-car 1388 224
add-car 1388 223
add-car 1388 247
add-car 1388 258
add-station 3587 0
add-car 3587 497
add-car 3587 499
add-car 3587 549
add-car 3587 561
add-car 3587 463
add-car 3587 452
add-car 3587 535
add-car 3587 515
add-car 3587 487
add-car 3587 485
add-car 3587 487
add-car 3587 477
add-car 3587 436
add-car 3587 488
add-car 3587 440
add-car 3587 519
add-car 3587 529
add-car 3587 531
add-station 2005 19 197 173 169 202 180 203 170 193 184 227 210 185 220 223 183 169 215 184 171
add-station 1363 17 239 233 226 225 205 213 209 221 222 221 229 230 268 244 246 263 229
add-station 87 23 329 337 267 281 307 327 318 263 332 264 287 337 290 290 312 301 264 266 344 260 319 343 347
add-station 909 17 264 241 297 289 277 284 238 251 241 270 296 297 305 287 271 264 245
add-station 3017 24 1167 1107 1032 954 960 1098 900 1014 965 1052 1092 1009 1165 1034 987 1108 1144 949 998 941 1126 903 1017 1061
add-station 809 0
add-car 809 270
add-car 809 265
add-car 809 312
add-car 809 281
add-car 809 242
add-car 809 294
add-car 809 274
add-car 809 264
add-car 809 235
add-car 809 290
add-car 809 262
add-car 809 246
add-car 809 258
add-car 809 310
add-car 809 248
add-car 809 314
add-car 809 252
add-station 1333 17 251 212 260 257 253 221 237 256 243 261 261 252 232 243 275 215 246
add-station 1078 24 259 261 297 264 224 255 232 295 249 260 261 279 242 282 235 240 225 224 239 256 233 244 244 293
add-car 87 340
add-car 985 289
add-station 3439 25 609 660 732 675 643 710 809 731 617 606 745 684 701 691 745 601 670 767 678 811 696 671 720 784 804
add-station 620 24 308 302 254 288 259 288 261 291 319 310 245 241 288 274 278 271 323 309 301 255 318 285 293 271
add-station 3227 26 1003 935 930 927 975 993 1085 914 943 1181 1047 1197 1188 975 902 962 1029 1033 1196 1022 961 897 1191 1047 950 968
add-station 3616 26 396 501 413 506 516 503 485 482 513 406 467 503 443 517 430 519 457 463 510 469 524 502 449 502 457 462
add-station 3654 20 417 439 350 399 403 366 410 433 392 464 418 463 422 384 386 378 441 387 441 392
add-station 3128 26 915 1151 1136 1032 962 1058 937 950 1145 1126 999 969 1091 972 975 1113 941 1143 971 1062 1177 923 1123 1113 982 1045
add-station 3889 18 175 200 179 189 167 181 158 160 204 179 181 155 176 166 197 178 174 178
add-station 1036 25 273 229 242 246 281 274 292 241 286 298 278 249 258 286 271 227 227 278 250 265 260 263 275 294 274
plan-route 152 4250
add-station 1165 21 282 279 287 259 250 270 230 263 292 257 252 223 250 229 244 222 241 216 251 256 252
add-station 1566 15 208 208 226 204 260 222 232 242 263 195 249 210 212 244 247
add-station 54 23 343 347 276 303 280 347 315 270 347 308 305 317 261 264 265 351 270 319 322 313 262 328 317
add-station 187 22 337 274 330 274 264 347 346 295 304 311 341 266 335 334 262 259 272 311 280 276 344 321
add-station 2159 19 179 166 212 169 217 186 199 201 205 165 165 196 173 206 184 163 216 181 181
add-station 1008 21 234 265 276 296 297 247 241 231 271 302 278 234 256 223 297 247 242 225 259 259 296
add-station 227 22 341 305 334 298 285 270 294 298 331 255 309 312 276 320 256 312 335 296 300 302 333 311
add-station 752 23 300 285 280 264 253 271 269 290 268 269 307 289 291 272 270 240 296 280 263 264 234 303 308
add-station 1372 15 221 269 227 248 265 234 276 269 238 242 235 259 237 210 271
add-station 2152 22 187 195 178 182 185 164 174 205 183 202 197 206 167 199 182 214 180 202 213 213 216 203
add-station 396 25 282 260 330 264 281 263 315 285 254 290 253 261 306 321 316 314 328 284 336 265 262 275 268 317 277
add-station 3616 21 192 500 14 1006 3160 572 4273 683 3919 3273 13 2657 2273 2583 1086 3689 896 3905 3584 1544 1050
add-station 1317 25 215 274 219 230 219 242 265 224 253 281 264 215 214 208 242 211 228 277 269 268 256 239 220 258 222
add-car 2338 441
add-station 511 23 307 285 326 265 295 275 275 327 255 269 322 314 311 329 328 316 298 300 321 281 300 267 254
add-station 2641 19 840 916 709 856 713 879 849 823 902 760 891 866 716 755 740 705 706 686 875
add-station 3255 17 929 996 959 915 911 1076 976 1072 976 910 890 1119 871 993 1090 956 1025
add-station 2840 23 839 956 830 899 837 1020 827 928 1030 931 833 988 1016 957 809 824 963 841 860 924 812 1053 828
add-station 895 25 247 278 261 228 251 248 278 286 245 274 233 259 297 246 258 291 301 273 281 265 270 275 248 259 302
add-station 3952 26 132 128 126 114 135 145 115 136 149 147 120 132 150 125 151 115 149 130 127 133 115 139 140 145 139 122
add-station 3355 17 744 859 962 944 854 783 964 737 758 718 821 932 918 826 953 730 917
add-station 4062 19 77 71 77 61 77 61 73 69 59 64 64 77 77 64 62 69 61 69 68
add-station 3321 22 929 812 1029 1006 782 846 878 991 863 896 982 990 972 896 953 1033 832 967 835 1027 914 980
add-station 4199 24 17 16 19 15 14 15 20 15 16 18 19 17 15 14 15 17 17 19 20 16 18 20 18 19
add-car 2555 724
add-station 1229 17 256 232 254 287 243 283 254 287 255 282 283 212 235 225 260 213 246
add-station 3502 25 646 677 690 686 666 620 697 596 675 558 520 619 626 530 585 611 561 525 545 689 697 617 601 660 613
add-station 770 15 265 246 251 244 296 309 254 284 250 312 306 294 272 265 259
add-station 2429 24 611 655 586 589 644 508 570 546 650 548 580 654 547 527 540 599 586 598 600 654 556 607 640 652
demolish-station 2172
add-station 3903 24 174 145 178 174 152 154 181 186 172 159 146 146 160 177 171 175 173 149 165 185 176 191 166 145
add-station 2819 20 830 964 815 981 922 914 1075 823 949 1076 1013 1014 815 928 1072 863 997 1029 1019 800
add-station 923 21 284 262 249 278 305 268 261 303 289 274 256 284 247 274 250 292 304 273 272 307 294
add-car 2871 1037
add-station 4204 0
add-car 4204 18
add-car 4204 13
add-car 4204 13
add-car 4204 17
add-car 4204 18
add-car 4204 14
add-car 4204 16
add-car 4204 13
add-car 4204 13
add-car 4204 15
add-car 4204 16
add-car 4204 13
add-car 4204 14
add-car 4204 15
add-car 4204 17
add-car 4204 14
add-car 4204 16
add-car 4204 17
add-car 4204 15
add-car 4204 18
add-car 4204 16
add-car 4204 14
add-car 4204 17
add-car 4204 13
add-car 4204 13
add-station 1294 18 254 211 230 278 215 216 228 283 224 276 226 270 213 243 222 247 278 223
add-station 99 17 305 288 260 329 293 351 297 262 268 279 341 347 350 298 312 311 326
add-station 3210 21 908 951 901 1062 1039 1203 901 1191 994 934 1143 910 1068 968 1076 1157 904 954 1165 1148 1104
add-station 137 15 317 301 286 327 305 286 306 271 277 303 291 339 272 301 287
add-station 1423 22 219 273 206 238 203 230 220 210 230 231 243 228 258 263 226 260 226 223 273 212 266 249
add-station 2251 18 314 298 300 312 314 317 322 357 352 362 325 359 292 321 338 322 287 344
add-station 2030 21 219 223 196 186 168 187 214 220 193 204 174 181 173 188 213 217 190 218 174 212 178
add-station 2403 19 585 534 579 599 539 472 558 603 608 543 576 518 596 510 581 585 530 601 527
add-station 3598 25 420 550 426 521 460 487 487 520 491 496 448 524 481 440 539 539 520 467 471 446 447 490 475 478 488
add-station 1059 21 267 254 275 232 267 229 298 291 291 267 251 242 297 247 249 265 283 277 280 232 274
add-station 2025 20 174 224 227 189 228 216 191 209 173 204 206 188 206 169 210 202 214 225 177 224
add-station 2867 23 947 974 895 914 855 1027 987 974 896 845 1057 838 971 969 879 828 859 1038 828 918 872 968 919
add-station 1715 16 196 190 199 229 199 187 221 215 248 191 204 249 208 222 235 234
add-station 1184 22 249 226 225 284 223 245 290 257 267 279 283 233 286 238 265 223 273 247 232 268 250 263
add-station 2987 24 952 939 1053 973 1161 1162 931 912 933 1086 1059 965 1032 1073 1034 1146 890 885 1090 1006 905 879 927 994
add-station 2776 25 908 774 1019 974 883 894 848 923 1039 955 926 812 826 890 987 936 852 835 843 1013 792 793 982 944 934
add-station 1743 0
add-car 1743 213
add-car 1743 243
add-car 1743 244
add-car 1743 239
add-car 1743 209
add-car 1743 201
add-car 1743 185
add-car 1743 223
add-car 1743 185
add-car 1743 229
add-car 1743 212
add-car 1743 215
add-car 1743 203
add-car 1743 250
add-car 1743 216
add-car 1743 214
add-car 1743 205
add-car 1743 230
add-car 1743 250
add-car 1743 235
add-car 1743 195
add-car 1743 212
add-car 1743 213
add-station 3262 26 1084 1100 1019 1158 1057 1126 925 954 880 1037 1155 884 972 969 862 1155 922 911 1161 1112 902 966 1054 875 1101 949
add-station 4096 0
add-car 4096 48
add-car 4096 55
add-car 4096 47
add-car 4096 47
add-car 4096 49
add-car 4096 45
add-car 4096 52
add-car 4096 48
add-car 4096 50
add-car 4096 51
add-car 4096 49
add-car 4096 51
add-car 4096 52
add-car 4096 53
add-car 4096 55
add-car 4096 58
add-car 4096 51
add-car 4096 45
add-car 4096 51
add-car 4096 59
add-car 4096 48
add-car 4096 53
add-station 4010 22 98 101 109 81 92 99 93 85 108 88 83 97 85 99 89 81 102 92 104 97 92 106
add-station 2664 20 890 848 704 895 857 764 800 763 853 817 942 804 908 723 813 797 755 806 937 740
add-station 3758 26 296 284 271 286 314 334 253 321 314 309 270 270 323 271 269 332 263 310 292 256 257 293 330 262 282 308
scrap-car 4062 68
add-station 844 21 282 298 283 306 281 308 250 299 232 304 292 231 272 230 310 232 231 301 281 308 256
scrap-car 2392 457
add-station 3067 23 1073 1117 1073 888 982 1068 978 1124 1072 983 1164 1072 1081 1176 957 1126 1114 1139 1133 882 1105 1009 1086
add-car 620 308
add-station 1447 25 233 254 218 255 244 220 246 231 261 235 203 217 202 254 206 212 272 256 265 266 263 211 244 233 209
add-station 4255 24 6 7 5 7 7 6 5 7 7 7 7 6 6 5 6 5 7 6 5 5 5 5 7 6
add-station 3833 17 220 207 216 215 243 209 201 233 204 252 223 231 225 219 224 244 233
add-station 3607 18 511 432 492 406 509 435 465 448 463 524 536 493 454 473 500 445 455 463
add-station 1944 20 216 191 179 218 191 193 214 209 181 206 176 222 179 202 198 223 175 204 202 222
add-station 506 0
add-car 506 322
add-car 506 286
add-car 506 310
add-car 506 329
add-car 506 255
add-car 506 258
add-car 506 266
add-car 506 309
add-car 506 291
add-car 506 298
add-car 506 246
add-car 506 327
add-car 506 260
add-car 506 304
add-car 506 282
add-car 506 265
add-car 506 309
add-car 506 273
add-station 3786 26 280 276 302 280 280 305 299 302 268 240 235 250 267 235 231 246 300 230 293 290 278 288 266 238 243 259
add-station 2745 17 798 985 857 835 901 854 983 1002 855 999 868 980 826 949 992 784 983
add-car 2375 1554
add-station 4205 15 16 15 16 15 18 14 15 13 14 18 16 16 14 17 18
add-station 9 23 349 320 294 336 289 281 289 325 318 325 277 272 262 307 343 305 279 312 283 298 343 343 302
add-station 1190 24 240 273 234 227 278 242 242 242 264 219 231 273 228 290 261 224 248 227 273 244 227 262 273 261
add-station 658 24 317 268 243 319 258 239 274 283 240 320 289 256 303 309 270 240 313 244 297 301 302 253 295 250
demolish-station 1009
add-station 3031 26 893 1151 880 1046 1002 1085 1104 1018 1021 1011 1043 941 1019 1039 926 1140 1033 953 1181 903 875 1133 1025 1144 1169 1139
demolish-station 896
add-station 669 0
add-car 669 271
add-car 669 268
add-car 669 309
add-car 669 282
add-car 669 297
add-car 669 292
add-car 669 270
add-car 669 258
add-car 669 295
add-car 669 300
add-car 669 267
add-car 669 311
add-car 669 245
add-car 669 287
add-car 669 291
add-car 669 282
add-car 669 321
add-car 669 260
add-car 1964 215
add-station 3412 22 817 812 649 839 724 757 854 695 768 772 788 746 858 835 824 795 790 732 822 694 758 791
add-station 3768 22 297 325 324 313 307 261 289 262 327 299 309 249 305 262 252 262 279 285 277 312 266 268
plan-route 539 3983
add-station 375 16 256 303 310 303 263 302 311 269 322 294 310 279 311 299 267 289
add-station 16 18 295 338 320 277 294 338 350 342 354 341 345 280 287 328 267 268 286 286
add-station 1242 22 248 277 215 279 267 235 287 271 252 247 242 242 239 230 274 286 260 235 269 225 217 257
add-station 2209 17 258 266 283 283 288 230 283 286 259 264 296 266 293 286 241 303 261
add-station 2464 16 656 622 605 630 694 662 540 625 660 575 644 560 604 562 637 560
add-station 122 15 280 343 327 283 288 329 339 335 307 343 335 285 278 308 276
add-station 1682 26 236 193 214 190 235 212 197 217 199 240 213 221 251 220 220 212 193 242 190 235 192 220 190 203 237 188
add-station 1227 0
add-car 1227 223
add-car 1227 282
add-car 1227 226
add-car 1227 284
add-car 1227 231
add-car 1227 231
add-car 1227 270
add-car 1227 247
add-car 1227 232
add-car 1227 278
add-car 1227 217
add-car 1227 252
add-car 1227 239
add-car 1227 233
add-car 1227 247
add-car 1227 270
add-car 1227 219
add-car 1227 273
add-car 1227 266
add-car 1227 266
add-car 1227 258
add-car 1227 232
add-car 1227 252
scrap-car 1447 218
add-station 1966 19 215 188 202 207 185 210 225 221 195 218 172 207 190 173 211 197 208 182 206
add-station 125 24 289 292 311 296 286 324 332 302 277 287 342 286 267 332 348 336 258 332 287 321 266 349 278 309
add-station 2511 20 612 704 590 615 655 704 662 660 735 754 661 676 584 760 585 759 661 771 586 592
add-station 3458 0
add-car 3458 727
add-car 3458 661
add-car 3458 586
add-car 3458 704
add-car 3458 707
add-car 3458 628
add-car 3458 777
add-car 3458 735
add-car 3458 621
add-car 3458 762
add-car 3458 670
add-car 3458 761
add-car 3458 657
add-car 3458 625
add-car 3458 629
add-car 3458 667
add-car 3458 704
add-car 3458 719
add-car 3458 636
add-car 3458 775
add-car 3458 622
add-car 3458 637
add-car 3458 614
add-station 1882 16 195 217 204 217 227 201 234 194 213 238 204 230 223 219 215 210
add-station 1987 19 226 171 182 196 231 176 230 224 171 191 220 206 218 219 222 230 191 211 219
add-station 608 23 303 283 290 277 296 308 272 263 277 306 315 254 325 271 324 311 286 263 308 286 301 308 298
add-station 1813 25 186 233 205 208 192 208 217 212 240 241 182 182 187 207 216 233 227 190 187 243 189 232 228 232 244
add-station 4244 22 7 8 8 8 7 6 8 6 7 8 8 7 8 6 9 9 6 7 9 9 7 9
add-station 1919 18 212 220 206 175 228 189 198 212 184 187 187 198 208 207 220 199 189 201
add-station 3731 22 344 333 361 301 345 354 337 371 276 345 289 372 305 275 336 289 322 365 343 350 308 357
add-station 1010 23 1507 4183 158 3809 3011 1510 1084 1857 1718 203 2004 4242 523 4267 2246 3523 990 1463 4278 3936 1066 2432 1159
add-station 4191 25 16 21 19 16 17 21 21 21 20 22 22 22 19 18 17 20 17 21 16 16 21 18 20 17 20
add-station 2258 20 325 353 297 375 356 327 345 318 364 337 352 335 360 296 352 298 354 351 303 323
add-station 1263 18 236 280 218 229 221 215 259 261 231 277 276 258 281 271 228 251 231 271
demolish-station 637
demolish-station 633
add-station 1392 18 274 214 222 261 270 231 249 216 220 237 276 213 231 249 222 208 239 257
add-station 757 19 274 236 290 263 263 251 235 274 316 248 306 262 244 311 281 272 237 316 262
add-station 786 0
add-car 786 266
add-car 786 313
add-car 786 281
add-car 786 312
add-car 786 248
add-car 786 284
add-car 786 273
add-car 786 264
add-car 786 242
add-car 786 241
add-car 786 256
add-car 786 294
add-car 786 276
add-car 786 297
add-car 786 248
add-car 786 298
add-car 786 259
add-car 786 276
add-car 786 292
add-station 3946 25 153 135 147 143 125 138 145 133 140 152 130 116 144 119 123 131 133 147 142 139 142 137 155 153 141
add-station 1251 26 279 233 274 271 223 280 282 211 228 279 267 221 281 231 282 272 258 227 239 211 212 271 248 256 262 267
add-station 1512 20 213 224 250 263 262 252 203 266 226 267 244 205 200 206 223 198 243 222 205 265
add-station 3934 22 147 150 140 164 149 128 141 161 158 152 161 149 159 156 135 146 138 125 138 164 164 125
add-station 129 16 330 268 335 326 338 287 324 326 315 318 299 317 290 319 264 291
scrap-car 511 4325
add-station 516 0
add-car 516 312
add-car 516 270
add-car 516 302
add-car 516 287
add-car 516 264
add-car 516 301
add-car 516 268
add-car 516 321
add-car 516 322
add-car 516 295
add-car 516 326
add-car 516 297
add-car 516 247
add-car 516 270
add-car 516 244
add-car 516 324
add-car 516 262
add-station 133 19 288 319 285 266 277 280 307 299 281 263 302 297 342 295 328 284 304 271 297
scrap-car 1447 212
add-car 3727 372
add-station 2272 16 352 397 381 375 380 389 336 380 401 405 376 323 365 338 407 384
add-station 1910 20 177 190 207 211 212 203 217 224 209 218 190 222 179 194 177 191 190 221 217 219
add-station 691 15 249 320 269 258 270 238 257 271 313 263 317 272 248 317 282
add-station 846 25 255 294 256 263 271 233 285 294 231 302 309 259 234 278 301 241 309 239 248 295 233 259 265 265 244
add-station 2527 18 598 692 740 622 776 755 615 735 671 606 742 682 641 734 623 659 753 647
add-car 909 297
add-station 753 16 282 241 290 314 238 302 305 256 291 286 262 309 242 259 274 273
add-station 424 0
add-car 424 321
add-car 424 331
add-car 424 262
add-car 424 280
add-car 424 288
add-car 424 277
add-car 424 333
add-car 424 294
add-car 424 329
add-car 424 262
add-car 424 260
add-car 424 265
add-car 424 268
add-car 424 289
add-car 424 329
add-car 424 270
add-car 424 272
add-car 424 301
add-station 3631 22 404 414 423 448 492 424 397 397 480 443 426 499 486 500 503 374 451 413 407 456 489 444
add-station 2039 0
add-car 2039 177
add-car 2039 224
add-car 2039 219
add-car 2039 188
add-car 2039 216
add-car 2039 174
add-car 2039 208
add-car 2039 222
add-car 2039 194
add-car 2039 177
add-car 2039 216
add-car 2039 175
add-car 2039 221
add-car 2039 216
add-car 2039 201
add-car 2039 196
add-car 2039 216
add-car 2039 169
add-car 2039 206
add-car 2039 225
add-car 2039 211
add-car 2039 218
add-station 2425 26 583 518 623 530 631 630 496 497 600 626 613 571 636 532 594 582 536 508 505 608 495 538 515 501 583 551
add-station 3679 0
add-car 3679 355
add-car 3679 375
add-car 3679 420
add-car 3679 388
add-car 3679 327
add-car 3679 398
add-car 3679 338
add-car 3679 426
add-car 3679 343
add-car 3679 437
add-car 3679 423
add-car 3679 353
add-car 3679 411
add-car 3679 352
add-car 3679 335
add-car 3679 422
add-car 3679 438
add-car 3679 401
add-car 3679 361
add-car 3679 368
add-car 3679 354
add-car 3679 369
add-station 2191 16 241 223 221 268 214 213 267 209 221 230 227 247 220 202 263 241
add-station 4215 18 15 11 11 12 12 12 12 13 11 15 13 11 11 14 12 13 15 13
add-station 18 20 292 304 305 306 288 265 334 273 286 286 346 305 282 334 286 350 284 263 272 348
add-station 1118 17 256 282 229 233 280 293 243 225 247 269 255 257 243 285 252 259 246
add-station 4233 24 11 8 9 10 9 10 10 8 11 9 8 8 8 8 10 9 8 11 10 10 11 8 8 10
add-station 3494 18 616 602 618 558 683 660 578 707 602 652 558 566 544 552 565 627 639 647
add-station 4008 20 89 109 104 92 93 94 107 103 89 109 83 89 87 85 99 109 93 90 106 106
add-station 767 23 315 279 271 303 264 251 267 295 260 274 282 264 245 313 284 234 264 308 260 244 285 244 257
add-station 3225 23 1196 1039 939 903 993 1111 1029 980 1006 1186 928 958 1045 1151 1147 1022 1096 961 1135 1174 1110 953 1205
add-station 3592 16 439 428 558 468 435 530 501 467 474 441 482 474 485 495 485 421
scrap-car 227 333
add-station 1361 22 215 268 210 210 217 232 273 235 250 266 208 224 244 255 258 243 230 245 224 220 225 277
add-station 3249 15 973 953 1032 1175 939 1188 1069 947 1163 1024 1146 1033 926 1155 979
add-station 3391 20 865 845 786 813 680 707 683 745 675 852 809 849 842 676 745 734 811 685 808 730
add-station 3963 15 107 116 116 118 140 111 123 118 119 128 121 130 109 134 121
plan-route 3321 539
add-station 3285 20 1032 861 977 824 1016 908 973 873 1020 896 1010 889 1039 1041 928 985 847 1044 934 848
add-station 3794 15 284 288 236 248 226 298 281 276 286 297 266 224 261 285 251
add-station 502 25 304 287 314 292 297 302 291 255 273 300 289 287 248 259 262 291 319 263 328 263 324 292 266 270 312
add-station 1740 15 210 208 219 204 240 230 204 205 220 194 190 228 201 243 220
add-station 3907 0
add-car 3907 166
add-car 3907 144
add-car 3907 143
add-car 3907 144
add-car 3907 147
add-car 3907 139
add-car 3907 152
add-car 3907 164
add-car 3907 169
add-car 3907 186
add-car 3907 181
add-car 3907 171
add-car 3907 187
add-car 3907 148
add-car 3907 144
add-car 3907 160
add-car 3907 170
add-car 3907 175
add-car 3907 177
add-car 3907 188
add-car 3907 188
add-station 1268 25 222 218 237 254 216 246 252 224 263 218 225 250 280 280 267 276 215 242 250 229 267 257 259 217 244
add-station 2550 18 760 758 634 712 674 713 655 800 808 665 756 804 811 795 793 668 673 634
add-station 1646 18 256 222 229 219 209 197 229 245 242 206 221 223 191 216 239 208 245 220
add-station 3606 22 534 454 512 449 457 529 414 513 452 460 497 422 482 506 470 526 456 479 438 422 489 510
add-station 435 17 307 272 307 326 330 332 304 298 270 277 251 308 329 267 330 258 331
add-station 1098 20 264 287 281 245 259 292 243 284 240 279 256 259 291 250 263 261 223 261 247 296
add-station 2258 24 2719 3949 142 4186 1499 3372 756 3031 4156 970 3619 3060 3403 1182 2725 1614 686 489 3249 3020 2638 837 3280 854
add-station 726 17 242 317 318 267 318 309 318 244 316 306 251 256 294 313 242 311 251
add-station 655 26 323 238 243 254 286 254 250 243 271 301 291 294 257 274 261 249 287 249 303 302 304 260 291 259 309 302
add-station 141 24 280 260 268 278 259 349 264 335 284 314 291 281 282 287 317 297 324 260 320 290 267 310 339 264
add-station 477 15 331 268 331 269 309 265 291 279 264 252 319 282 331 321 285
add-station 2020 26 183 176 226 177 179 170 214 213 183 176 176 203 177 169 210 202 192 221 183 183 186 187 207 214 227 208
plan-route 3701 432
add-station 1652 18 192 211 202 205 251 190 239 247 198 191 212 193 252 247 224 204 203 196
add-station 3116 18 969 1016 892 1152 1105 1172 1154 1095 1198 1107 964 1043 920 1019 1129 913 995 1169
add-station 4207 0
add-car 4207 15
add-car 4207 13
add-car 4207 16
add-car 4207 14
add-car 4207 13
add-car 4207 16
add-car 4207 17
add-car 4207 15
add-car 4207 16
add-car 4207 16
add-car 4207 13
add-car 4207 14
add-car 4207 14
add-car 4207 16
add-car 4207 15
add-car 4207 15
add-station 3435 21 755 816 807 807 672 669 774 735 752 699 609 772 719 770 763 761 683 640 749 818 810
add-car 655 255
add-station 3508 17 546 682 556 675 669 649 597 640 575 606 687 536 673 677 565 617 607
add-station 4081 18 50 49 51 62 54 56 60 63 64 67 49 63 49 56 62 51 53 49
add-station 3834 19 196 230 205 230 205 231 237 238 228 196 198 239 222 221 210 206 256 199 254
add-station 309 16 306 310 308 299 321 303 281 272 292 325 308 272 272 306 339 301
add-station 1176 22 252 266 232 258 260 219 235 280 259 250 240 246 259 243 216 223 265 241 230 271 261 251
add-station 3437 25 782 733 705 645 698 765 635 792 738 608 683 736 805 693 695 641 613 691 606 642 728 636 810 639 790
add-station 1617 22 249 214 231 228 218 244 246 207 255 237 246 205 253 205 217 219 254 205 226 195 192 243
add-station 2681 17 721 915 734 734 889 863 859 791 780 913 799 913 858 738 954 768 770
add-station 348 17 317 327 325 336 275 332 298 293 284 317 303 321 303 309 318 296 280
add-station 4162 20 27 23 30 31 25 25 28 27 24 28 29 25 26 23 31 23 27 27 29 24
add-car 2209 241
add-station 1061 15 284 299 284 269 250 248 240 254 259 232 232 269 298 258 297
add-station 3769 25 319 318 251 281 303 309 262 290 250 274 258 287 314 308 271 268 301 316 288 265 250 314 311 284 250
add-station 1749 23 203 246 217 186 205 210 216 188 233 232 215 192 214 249 222 221 204 184 239 240 242 204 191
add-station 3826 26 196 263 232 203 199 215 252 258 222 245 251 256 228 221 232 265 218 257 231 207 208 233 196 221 235 219
add-station 1878 24 207 221 225 207 226 235 198 238 224 197 229 216 235 191 222 190 195 185 218 188 190 217 198 185
add-station 3283 17 856 909 1068 876 913 1100 983 959 864 1001 1037 1117 1090 973 927 953 1042
add-station 664 22 254 296 247 294 291 252 309 245 280 266 286 269 292 240 302 251 316 296 283 251 306 308
plan-route 3867 309
add-station 201 18 259 315 329 326 301 279 281 328 283 307 264 263 343 340 278 312 335 271
add-station 3170 18 1154 1085 1187 942 897 916 974 1205 996 965 1149 1034 1186 1065 943 922 988 996
add-station 406 19 323 267 334 305 312 255 255 253 268 256 275 268 322 328 272 254 310 259 288
add-station 1159 21 274 286 216 225 243 288 264 249 239 238 260 225 236 247 254 235 221 286 257 233 220
add-station 4241 16 8 7 9 9 9 7 7 8 8 9 9 7 9 9 9 9
add-station 914 19 287 280 294 240 232 291 294 257 271 278 237 287 262 269 280 255 245 292 237
add-station 3662 19 423 390 397 451 356 347 391 375 415 448 351 409 382 389 454 375 370 447 363
add-station 2014 24 220 223 198 208 172 190 221 229 196 228 221 218 221 218 170 172 206 220 217 200 175 223 170 201
demolish-station 2259
add-station 2330 21 482 387 428 455 400 419 398 390 506 480 422 474 411 397 402 419 495 481 417 425 509
add-station 4053 18 63 74 76 66 71 65 82 80 78 76 80 65 78 67 77 73 67 71
add-station 1030 18 244 235 285 295 257 236 265 295 232 231 279 224 268 275 298 292 235 243
add-car 914 227
add-station 3886 17 180 179 177 207 203 177 183 178 157 201 196 180 157 156 206 189 161
add-car 4260 9
add-car 4191 29
add-car 4283 14
add-car 4162 32
add-car 4230 15
add-car 4269 14
plan-route 187 4260
