add-station 3390 21 1458 1435 1346 1421 1367 1275 1391 1123 1476 1475 1379 1355 1220 1235 1148 1194 1481 1336 1124 1298 1160
add-station 269 26 175 207 203 165 212 192 162 187 213 178 202 161 164 173 214 200 191 178 208 161 170 214 186 183 200 186
add-station 3198 17 1416 1233 1198 1307 1186 1212 1186 1407 1398 1204 1188 1377 1345 1470 1094 1124 1311
scrap-car 3198 1416
add-station 1004 17 383 438 456 448 408 394 432 401 454 355 362 392 455 468 453 413 392
add-station 4763 28 78 91 77 78 82 88 92 84 79 87 81 82 94 84 91 90 88 95 77 88 82 94 80 93 73 77 97 91
add-station 3223 19 1120 1324 1174 1451 1436 1263 1349 1325 1472 1163 1283 1127 1433 1221 1202 1314 1418 1274 1402
add-station 1461 27 642 575 637 660 512 558 603 597 587 494 629 501 560 582 549 655 605 601 647 571 590 494 626 495 518 495 614
add-station 2911 25 1275 1333 1000 1079 1159 1220 1249 1135 1279 1280 1252 1090 1161 1250 1116 1216 1071 1043 1144 1017 1326 1060 1239 1118 1114
add-station 4854 25 50 40 47 39 41 41 41 46 50 48 46 41 47 47 44 50 48 50 41 45 49 39 46 39 44
add-station 1358 20 459 604 501 459 528 557 509 566 457 529 458 601 566 505 544 593 536 602 507 506
demolish-station 3215
demolish-station 1358
add-station 3379 24 1130 1115 1269 1322 1491 1460 1126 1170 1191 1378 1477 1182 1427 1488 1449 1413 1379 1383 1353 1138 1257 1269 1314 1368
add-station 3278 28 1364 1414 1273 1346 1367 1190 1188 1400 1491 1268 1322 1164 1408 1347 1187 1253 1377 1337 1159 1379 1204 1322 1438 1211 1258 1212 1200 1224
add-car 1004 413
demolish-station 3198
add-car 3379 1137
add-station 2497 23 769 933 830 908 790 752 935 763 888 759 851 906 822 934 804 841 786 883 931 746 802 810 913
add-station 2342 18 942 943 803 907 953 756 883 891 748 749 860 921 955 896 872 838 768 911
add-station 3058 20 1242 1371 1283 1329 1423 1384 1367 1222 1379 1273 1360 1360 1137 1120 1412 1257 1318 1350 1203 1058
add-station 2303 20 949 845 880 829 790 884 807 768 766 841 761 812 858 918 784 826 814 744 866 871
add-station 2741 17 1048 1114 1121 1228 1022 995 1107 1072 938 1197 961 948 978 1029 999 1076 954
add-station 161 21 160 159 152 130 133 131 159 152 138 154 153 127 128 165 135 150 162 139 147 147 138
scrap-car 4763 78
add-station 827 20 313 347 383 328 358 331 360 383 330 364 423 345 385 313 418 364 406 315 373 384
add-station 97 0
add-car 97 103
add-car 97 116
add-car 97 135
add-car 97 134
add-car 97 116
add-car 97 124
add-car 97 113
add-car 97 106
add-car 97 112
add-car 97 109
add-car 97 135
add-car 97 139
add-car 97 140
add-car 97 108
add-car 97 138
add-car 97 126
add-car 97 107
add-car 97 114
add-car 97 133
add-car 97 125
add-car 97 132
add-car 97 132
add-car 97 115
add-car 97 133
add-car 97 137
add-station 122 21 120 114 114 125 129 116 131 142 124 134 113 146 133 139 124 141 145 119 130 128 141
add-car 161 160
add-station 2250 22 911 837 763 817 722 928 878 945 803 810 889 899 785 812 905 823 960 907 748 848 912 936
add-station 288 20 223 171 191 224 176 207 217 173 192 194 194 220 201 204 222 208 219 175 210 191
add-station 2508 25 823 902 841 869 952 982 857 892 820 788 1002 937 766 806 958 994 750 830 754 760 824 992 897 1000 879
add-station 3160 25 1458 1275 1118 1231 1207 1097 1369 1266 1422 1213 1115 1187 1381 1168 1371 1445 1231 1360 1199 1400 1395 1145 1234 1443 1153
add-station 1351 26 486 547 468 521 485 520 576 535 476 485 591 513 581 532 509 542 574 601 585 545 524 556 558 454 526 544
add-station 1511 27 575 637 631 673 511 547 543 547 647 566 514 658 688 601 519 544 667 655 640 608 681 551 610 650 582 660 643
add-car 1461 517
add-station 3806 17 991 1074 1095 1105 1097 1297 1021 1013 1013 1165 1073 1183 1040 1210 1073 1070 1007
add-station 499 28 252 304 270 270 249 238 287 274 282 253 253 246 308 251 254 288 232 275 292 262 263 302 234 261 298 283 295 245
add-station 4200 18 615 615 538 638 533 632 556 624 519 637 552 544 575 570 500 586 562 571
add-station 3966 22 798 830 905 1020 853 815 938 859 1018 797 818 878 767 830 938 968 838 898 859 832 829 926
add-station 1304 27 553 539 560 434 488 516 537 455 475 559 451 570 530 462 538 428 490 557 536 462 566 478 511 548 494 502 503
add-station 4828 0
add-car 4828 55
add-car 4828 62
add-car 4828 59
add-car 4828 62
add-car 4828 56
add-car 4828 53
add-car 4828 58
add-car 4828 61
add-car 4828 48
add-car 4828 52
add-car 4828 46
add-car 4828 47
add-car 4828 47
add-car 4828 51
add-car 4828 46
add-car 4828 48
add-car 4828 60
add-car 4828 53
add-car 4828 62
add-car 4828 55
add-car 4828 62
add-car 4828 48
add-car 4828 55
add-car 4828 57
add-car 4828 52
add-car 4828 57
add-station 4524 27 209 209 245 253 210 273 206 218 273 252 231 258 211 226 278 211 239 244 228 215 242 227 245 254 262 222 264
add-station 170 22 159 152 167 144 136 159 166 140 151 166 173 150 140 140 132 163 133 166 173 169 165 165
add-station 4618 26 163 180 175 184 149 185 168 190 191 195 186 192 187 161 181 156 195 178 177 181 171 163 165 194 197 148
add-station 3254 27 1123 1384 1467 1431 1295 1204 1138 1390 1296 1263 1483 1453 1255 1376 1394 1206 1203 1414 1460 1177 1117 1343 1334 1186 1187 1365 1274
add-station 129 19 139 146 144 121 148 136 150 135 117 117 141 149 126 142 149 138 132 131 149
add-station 4170 18 592 663 562 571 583 660 677 658 531 598 611 552 581 689 625 647 685 581
add-station 4549 0
add-car 4549 214
add-car 4549 230
add-car 4549 202
add-car 4549 203
add-car 4549 213
add-car 4549 195
add-car 4549 193
add-car 4549 236
add-car 4549 223
add-car 4549 211
add-car 4549 210
add-car 4549 233
add-car 4549 249
add-car 4549 214
add-car 4549 256
add-car 4549 252
add-car 4549 195
add-car 4549 209
add-car 4549 230
add-car 4549 221
add-station 1856 24 801 651 828 647 831 644 798 784 839 649 807 792 744 719 781 705 659 716 748 790 772 804 798 744
add-station 1588 20 549 653 611 680 668 547 723 571 611 603 594 570 617 566 635 555 578 578 597 638
add-station 1125 19 413 384 442 498 475 467 442 415 381 433 403 493 428 405 380 475 453 439 448
add-station 2233 21 777 879 716 909 899 843 785 842 951 805 907 729 709 772 732 899 853 895 779 819 800
add-station 2081 0
add-car 2081 905
add-car 2081 811
add-car 2081 680
add-car 2081 879
add-car 2081 736
add-car 2081 857
add-car 2081 775
add-car 2081 705
add-car 2081 766
add-car 2081 734
add-car 2081 894
add-car 2081 687
add-car 2081 699
add-car 2081 691
add-car 2081 774
add-car 2081 761
add-car 2081 757
add-car 2081 684
add-car 2081 723
add-car 2081 716
add-car 2081 692
add-car 2081 718
add-car 2081 767
add-car 2081 757
add-car 2081 895
add-car 2081 829
add-car 2081 789
add-station 1868 27 824 802 836 715 693 667 774 728 844 821 730 817 733 839 849 820 735 727 799 783 821 657 739 796 743 678 628
add-station 3546 26 1198 1426 1446 1110 1278 1169 1481 1311 1394 1487 1386 1371 1378 1131 1470 1423 1217 1112 1466 1262 1247 1388 1431 1314 1441 1245
add-car 4170 675
add-station 1483 22 597 593 587 564 650 559 644 524 610 645 620 509 662 637 556 642 659 587 627 547 542 523
add-station 3235 22 1233 1420 1346 1341 1270 1214 1376 1295 1257 1230 1215 1202 1263 1240 1346 1244 1396 1160 1477 1370 1353 1467
add-station 4389 19 389 365 407 357 398 335 340 356 340 360 398 393 412 384 418 333 362 339 339
add-station 1704 26 591 614 684 609 680 752 732 598 662 657 626 644 768 589 605 650 693 764 742 768 671 703 657 687 703 636
add-station 2064 24 890 723 909 811 771 780 889 785 869 764 877 896 873 733 852 871 758 854 753 886 793 707 740 724
add-station 63 21 92 97 124 99 122 120 106 91 112 106 116 101 102 106 102 102 93 124 98 100 104
add-car 2497 812
add-station 2492 17 747 933 787 871 903 819 747 813 903 823 914 875 815 914 957 826 826
add-station 3852 28 1105 1176 1189 1194 914 1145 1140 987 1167 1190 1105 1085 1196 1000 1152 1137 974 1197 1151 1192 947 1165 950 1159 1027 931 1072 1189
add-car 964 1183
add-station 4200 20 1481 2584 1469 4253 1982 3611 1775 4062 3159 3220 1680 2154 993 53 1224 212 2706 3147 875 3412
add-station 487 28 270 270 276 277 249 267 294 304 269 281 251 258 291 275 276 234 233 246 284 251 266 238 294 243 256 277 266 256
add-station 4513 23 248 275 265 265 217 285 221 240 266 266 279 273 245 248 228 247 265 267 239 269 285 271 264
add-station 1695 20 579 717 712 693 698 670 762 738 600 637 628 759 617 688 641 652 664 760 671 682
add-station 936 0
add-car 936 451
add-car 936 438
add-car 936 395
add-car 936 455
add-car 936 389
add-car 936 388
add-car 936 413
add-car 936 434
add-car 936 430
add-car 936 410
add-car 936 406
add-car 936 375
add-car 936 443
add-car 936 420
add-car 936 356
add-car 936 456
add-car 936 432
add-car 936 449
add-car 936 404
add-car 936 366
add-car 936 372
add-car 936 363
add-car 936 422
add-station 2782 23 1168 1054 1225 1231 947 1057 1130 982 1167 1134 1177 1153 1087 1071 1141 1071 1134 941 1183 1126 1249 1124 1253
add-station 830 22 336 372 371 380 373 367 387 370 376 343 422 335 403 401 331 321 366 355 367 379 369 405
add-station 1397 21 502 615 608 571 547 573 506 512 601 576 593 482 495 527 620 583 600 491 597 581 488
add-station 321 17 223 226 207 180 200 210 229 186 190 190 194 233 221 233 230 212 179
add-station 4906 26 28 26 21 26 23 27 23 27 23 25 27 25 24 27 22 23 21 22 21 24 26 22 27 27 28 24
add-station 3611 23 1424 1150 1368 1158 1185 1303 1094 1188 1112 1211 1182 1257 1254 1210 1351 1153 1228 1300 1099 1291 1275 1215 1373
add-station 4665 20 126 155 148 141 152 129 139 154 153 160 150 134 124 146 127 146 133 145 135 143
add-station 654 24 352 321 303 339 303 290 320 299 298 330 293 275 280 305 284 352 281 282 324 354 310 347 275 274
scrap-car 2303 833
add-station 490 20 231 288 275 261 249 300 292 283 278 272 269 247 235 249 249 234 258 304 242 281
add-station 3780 24 1254 1205 1061 1099 1160 1239 1256 1124 1253 1126 1241 1242 1235 1278 1079 1319 1172 1265 1369 1148 1104 1243 1159 1331
add-station 1328 0
add-car 1328 535
add-car 1328 535
add-car 1328 534
add-car 1328 458
add-car 1328 462
add-car 1328 542
add-car 1328 479
add-car 1328 528
add-car 1328 480
add-car 1328 532
add-car 1328 474
add-car 1328 558
add-car 1328 568
add-car 1328 471
add-car 1328 444
add-car 1328 483
add-car 1328 509
add-car 1328 561
add-station 4358 24 380 381 431 421 338 400 387 384 367 361 398 440 335 431 339 388 338 425 378 411 340 417 433 366
add-station 1991 22 805 872 780 790 836 811 828 742 875 754 731 882 775 760 888 832 721 807 675 851 843 855
add-station 2147 28 701 928 854 919 923 900 857 769 739 819 929 698 764 761 757 741 842 800 774 867 891 784 882 717 869 909 917 896
add-station 2486 19 753 927 871 894 879 944 770 836 857 925 865 817 809 942 791 793 756 816 946
add-station 134 19 126 143 144 155 126 145 117 154 117 136 120 129 131 145 130 150 120 144 142
add-station 1694 25 637 720 733 644 627 699 658 581 684 675 638 670 603 612 592 627 693 660 670 665 643 726 652 623 593
add-station 2932 22 1053 1245 1282 1078 1014 1126 1148 1093 1113 1124 1213 1070 1326 1304 1175 1064 1363 1272 1122 1323 1295 1056
add-station 117 22 147 130 139 123 120 131 132 146 124 121 124 146 112 135 126 135 134 131 122 127 134 132
add-station 2611 20 898 893 1062 1043 965 1106 922 978 935 1074 912 1062 873 887 1047 832 1064 1025 893 957
add-station 817 21 388 407 381 377 391 373 329 383 375 376 366 313 374 347 362 385 364 326 354 396 392
add-station 173 0
add-car 173 152
add-car 173 154
add-car 173 142
add-car 173 135
add-car 173 154
add-car 173 133
add-car 173 167
add-car 173 150
add-car 173 169
add-car 173 172
add-car 173 160
add-car 173 164
add-car 173 139
add-car 173 168
add-car 173 174
add-car 173 135
add-car 173 146
add-car 173 158
add-car 173 129
add-car 173 161
add-car 173 164
add-car 173 160
add-car 173 167
add-car 173 161
add-car 173 150
add-car 173 153
add-car 173 164
add-car 2303 802
add-station 3539 0
add-car 3539 1219
add-car 3539 1341
add-car 3539 1396
add-car 3539 1157
add-car 3539 1230
add-car 3539 1473
add-car 3539 1407
add-car 3539 1170
add-car 3539 1133
add-car 3539 1274
add-car 3539 1474
add-car 3539 1232
add-car 3539 1120
add-car 3539 1432
add-car 3539 1385
add-car 3539 1316
add-car 3539 1200
add-car 3539 1350
add-car 3539 1132
add-car 3539 1144
add-car 3539 1227
add-car 3539 1138
add-car 3539 1315
add-car 3539 1393
add-car 3539 1307
add-car 3539 1415
add-car 3539 1286
plan-route 4513 129
add-station 2067 19 715 845 833 795 791 876 912 758 796 680 867 878 902 832 682 772 856 717 875
add-station 170 20 2177 4657 2639 855 2010 278 4132 529 2842 3318 53 2003 282 3920 1972 3379 4475 3271 830 3899
add-station 3450 17 1481 1462 1110 1421 1375 1335 1324 1199 1256 1465 1181 1442 1481 1243 1187 1191 1367
add-car 2236 2808
add-station 2902 19 1231 1314 1295 1110 1335 1178 1275 1042 1015 1130 1181 1175 1062 1188 996 1142 1285 1133 1044
add-station 4627 20 154 150 183 150 145 188 144 170 182 187 190 168 175 159 170 155 159 174 169 160
add-station 2070 18 823 840 905 863 688 851 805 698 742 711 804 849 733 766 775 879 790 700
add-station 4500 0
add-car 4500 225
add-car 4500 295
add-car 4500 257
add-car 4500 229
add-car 4500 263
add-car 4500 232
add-car 4500 223
add-car 4500 296
add-car 4500 251
add-car 4500 242
add-car 4500 232
add-car 4500 271
add-car 4500 237
add-car 4500 282
add-car 4500 262
add-car 4500 285
add-car 4500 241
add-car 4500 241
add-car 4500 285
add-car 4500 293
add-car 4500 269
add-car 4500 287
add-car 4500 298
add-car 4500 247
add-station 80 22 101 119 119 129 130 114 123 124 125 124 98 115 100 104 98 131 112 113 101 106 110 110
add-station 486 17 265 277 301 299 290 302 281 264 259 284 302 281 226 274 248 242 287
add-station 4077 27 681 819 698 710 786 755 691 756 691 823 721 807 703 701 638 776 806 814 812 764 698 771 631 683 653 727 745
add-station 2998 24 1101 1059 1065 1335 1393 1145 1104 1213 1367 1280 1166 1371 1314 1371 1195 1054 1162 1082 1327 1390 1338 1196 1067 1372
add-station 4948 25 13 13 13 13 11 11 10 11 11 10 11 10 10 10 13 11 10 13 10 13 11 13 12 10 12
add-station 3846 24 1030 950 1050 1137 1102 981 1006 1157 1199 1214 1213 968 1201 953 1138 1103 1131 1057 1082 1064 1061 1187 1182 1100
add-car 2508 902
add-station 2901 25 1036 1107 1207 1184 1327 1285 1084 1167 1034 1215 1143 1069 1188 1008 1302 1337 1317 1218 1174 1150 1103 1217 1273 1045 1333
add-station 2133 20 907 782 800 747 705 758 773 762 748 722 799 779 886 759 916 876 883 706 786 900
add-station 4004 19 913 933 838 751 767 909 913 941 911 862 798 872 712 857 867 956 906 873 820
scrap-car 4625 2382
add-car 3278 1344
add-station 630 27 279 264 316 277 349 324 317 316 310 337 276 334 308 272 282 326 282 337 357 326 313 353 280 264 308 324 321
add-station 4195 17 558 540 591 505 603 552 609 508 587 525 630 519 659 625 510 545 546
add-station 2668 23 925 1078 917 886 993 1103 1066 1086 1094 1024 1131 891 872 972 1143 939 1073 1091 933 948 899 1101 884
add-station 4355 19 435 457 372 387 406 424 404 343 361 453 422 367 391 415 430 353 424 425 445
add-station 472 25 265 289 252 255 283 268 245 266 237 281 233 243 294 281 264 221 241 241 275 281 231 280 225 256 277
add-station 1550 28 591 613 678 550 649 704 543 675 590 645 626 658 694 657 546 661 526 580 595 550 585 638 593 601 613 586 603 671
add-station 1733 22 620 725 740 722 634 715 642 643 632 599 655 749 646 636 617 750 667 629 666 613 658 654
add-station 2130 24 703 797 930 774 694 777 825 802 766 848 910 756 909 741 852 933 747 696 766 799 742 922 780 743
add-station 4980 28 4 3 3 3 4 4 3 3 4 4 4 3 4 3 4 3 4 3 3 4 4 3 3 4 3 4 4 4
add-station 516 25 305 288 310 300 302 295 248 262 304 255 250 239 273 301 275 260 278 315 305 302 261 283 284 233 301
add-station 2250 27 2321 3047 2 1534 4137 4561 1365 4708 3346 3496 431 1068 3621 4215 1448 4822 1673 1083 874 3087 4732 2668 1420 640 387 2002 332
add-station 2714 26 1163 1039 1002 1114 900 1019 934 899 1097 982 1123 1124 1026 917 1006 1204 1126 937 902 1188 973 1130 1176 1122 1033 918
add-car 2910 4752
add-station 2669 28 870 1068 1038 901 926 874 945 902 1069 1012 1128 896 1128 907 1071 1102 1071 951 1046 1138 979 1104 1122 1071 1096 1107 976 1165
add-station 2898 27 1282 1302 1014 1343 1220 1319 1154 1091 1242 1114 1229 1337 1345 1323 1310 1186 1113 1017 1262 1255 1118 1283 1324 1255 1276 1016 1170
add-station 3605 17 1376 1426 1247 1318 1158 1374 1242 1454 1102 1425 1244 1168 1167 1286 1364 1104 1428
add-station 4314 26 450 472 404 432 405 423 381 415 410 463 418 463 421 457 400 435 400 478 393 423 428 503 503 471 486 485
add-station 1775 23 653 660 771 762 787 762 631 652 652 778 797 762 659 630 627 728 729 718 717 790 725 730 649
add-station 2086 19 698 779 834 904 889 706 872 848 747 799 755 798 916 732 775 825 726 712 860
add-station 1249 21 498 500 510 432 506 446 493 470 471 401 460 440 473 433 421 499 410 438 420 427 425
add-station 2747 25 1105 1041 1078 1017 933 1232 1205 1057 966 1112 1113 1198 998 1087 1121 1099 1003 1061 979 1054 974 1012 1222 925 1178
add-station 3240 20 1111 1302 1117 1422 1361 1297 1419 1252 1152 1394 1339 1155 1454 1135 1479 1104 1216 1330 1389 1277
add-station 3236 26 1105 1376 1321 1374 1393 1306 1144 1172 1135 1233 1241 1172 1337 1157 1361 1246 1307 1390 1473 1382 1255 1224 1431 1327 1152 1345
add-car 4549 213
add-station 4031 17 752 707 721 811 820 854 730 687 774 750 867 767 749 884 791 902 889
add-station 1202 26 448 419 505 485 406 407 484 430 446 470 437 439 512 428 457 410 429 473 512 460 459 485 420 488 399 511
add-station 840 27 392 418 346 316 367 323 323 404 369 322 357 339 385 405 356 401 380 316 403 422 384 351 354 332 353 336 408
plan-route 161 4389
add-station 2628 24 1053 863 1110 988 925 857 903 887 995 988 900 910 1070 952 973 1012 863 1047 983 1019 987 923 1014 847
add-station 693 26 369 319 286 358 331 293 328 293 296 337 370 348 380 334 378 367 285 283 346 286 338 293 346 285 342 310
add-station 3221 22 1213 1335 1151 1188 1134 1183 1388 1213 1114 1455 1100 1175 1192 1167 1180 1291 1157 1368 1305 1144 1482 1116
add-station 2192 22 729 745 807 942 817 781 891 839 903 777 830 856 947 825 742 797 859 802 791 893 935 835
add-station 643 22 321 336 286 306 278 279 281 340 333 292 308 342 360 286 355 325 321 347 344 320 271 288
add-car 1202 392
add-station 2475 22 761 961 751 823 983 892 826 915 896 801 754 761 748 757 938 925 810 754 847 861 956 843
add-station 2957 26 1251 1163 1165 1183 1281 1038 1118 1064 1347 1192 1319 1179 1185 1208 1092 1367 1306 1332 1326 1042 1287 1192 1241 1296 1336 1148
add-station 2132 0
add-car 2132 876
add-car 2132 899
add-car 2132 750
add-car 2132 792
add-car 2132 707
add-car 2132 771
add-car 2132 864
add-car 2132 906
add-car 2132 789
add-car 2132 795
add-car 2132 925
add-car 2132 858
add-car 2132 726
add-car 2132 727
add-car 2132 887
add-car 2132 739
add-car 2132 882
add-car 2132 749
add-car 2132 874
add-car 2132 864
add-car 2132 722
add-car 2132 779
add-car 2132 728
add-car 2132 776
add-car 2132 841
add-car 3122 4175
add-station 1184 27 512 430 462 457 505 461 400 426 408 437 435 519 494 407 504 433 427 468 524 513 454 518 439 473 432 428 515
scrap-car 827 330
add-station 705 0
add-car 705 337
add-car 705 289
add-car 705 298
add-car 705 338
add-car 705 364
add-car 705 313
add-car 705 365
add-car 705 293
add-car 705 337
add-car 705 291
add-car 705 301
add-car 705 356
add-car 705 334
add-car 705 334
add-car 705 347
add-car 705 304
add-car 705 318
add-car 705 299
add-car 705 314
add-car 705 351
add-car 705 347
add-station 2459 0
add-car 2459 846
add-car 2459 914
add-car 2459 979
add-car 2459 812
add-car 2459 766
add-car 2459 833
add-car 2459 970
add-car 2459 741
add-car 2459 788
add-car 2459 971
add-car 2459 999
add-car 2459 974
add-car 2459 834
add-car 2459 826
add-car 2459 872
add-car 2459 794
add-car 2459 758
add-car 2459 962
add-car 2459 813
add-car 2459 981
add-car 2459 874
add-car 2459 946
add-car 2459 812
add-station 1256 26 515 512 432 470 522 402 424 525 423 506 507 473 445 452 499 506 444 459 447 522 440 471 467 469 491 542
add-station 279 20 167 168 212 180 179 181 205 180 204 214 215 214 201 180 220 172 181 203 207 198
add-station 322 25 190 231 222 180 216 211 196 193 186 191 231 177 182 208 204 204 205 192 219 180 230 228 199 208 237
add-station 408 21 268 243 256 268 208 267 230 254 240 221 251 260 252 239 214 255 238 204 271 256 224
demolish-station 253
add-station 2827 26 1296 1046 1081 1179 1098 1113 1019 1286 1285 1286 985 995 992 1214 978 1199 990 1159 1174 1082 1212 1159 987 1181 1007 1162
add-station 2830 22 1247 1127 1055 1296 1054 969 1045 1272 1067 1185 974 1019 1079 1175 972 1138 1153 995 1168 1106 1256 1195
add-station 3044 22 1275 1258 1407 1061 1096 1102 1325 1232 1376 1248 1240 1235 1054 1074 1057 1285 1356 1261 1111 1304 1222 1234
add-station 1768 0
add-car 1768 791
add-car 1768 793
add-car 1768 707
add-car 1768 612
add-car 1768 779
add-car 1768 747
add-car 1768 612
add-car 1768 787
add-car 1768 693
add-car 1768 683
add-car 1768 764
add-car 1768 748
add-car 1768 687
add-car 1768 631
add-car 1768 754
add-car 1768 695
add-car 1768 648
add-car 1768 690
add-car 1768 649
add-car 1768 801
add-car 1768 645
add-station 1715 17 634 678 621 600 727 740 638 672 629 785 643 708 773 788 588 778 750
add-station 3192 22 1373 1378 1119 1170 1235 1267 1452 1182 1171 1454 1391 1122 1415 1451 1178 1329 1462 1387 1246 1130 1333 1188
add-station 4165 27 664 614 687 579 695 673 664 620 632 591 658 601 576 574 645 556 620 704 706 702 687 579 566 662 597 541 631
add-station 885 18 382 427 338 411 352 401 355 356 407 428 410 405 421 354 398 388 421 383
add-station 2941 28 1084 1015 1256 1034 1244 1135 1214 1067 1312 1205 1250 1300 1267 1238 1217 1338 1297 1333 1175 1174 1131 1229 1351 1114 1202 1154 1363 1175
add-station 2129 18 713 899 811 699 907 871 887 887 871 848 796 792 767 763 840 739 813 705
add-station 3541 25 1350 1465 1243 1398 1246 1333 1168 1169 1478 1358 1452 1230 1314 1418 1362 1466 1230 1153 1271 1458 1145 1414 1443 1389 1306
add-station 4530 25 227 214 204 260 261 222 239 216 269 270 224 255 204 243 257 229 258 232 221 247 220 243 240 221 248
demolish-station 936
add-station 4189 20 586 640 662 598 672 584 670 659 644 542 607 537 565 575 575 524 561 531 665 644
add-station 2850 28 1144 1042 1124 1282 1060 1299 1104 1230 1285 1197 1121 1260 1153 996 1006 1115 1078 1042 1047 1058 1190 1022 1054 1069 1157 1136 1265 992
add-station 4050 19 672 818 747 730 793 747 669 776 738 881 824 701 750 762 878 774 853 845 769
add-station 1029 28 376 393 482 450 454 401 464 481 357 395 398 411 434 386 371 410 371 360 465 379 388 422 455 480 412 431 399 373
scrap-car 1348 3060
add-station 2170 25 932 731 829 790 856 817 867 781 833 883 782 819 781 905 738 879 751 878 711 750 902 823 779 770 856
add-station 1444 0
add-car 1444 487
add-car 1444 602
add-car 1444 602
add-car 1444 506
add-car 1444 559
add-car 1444 523
add-car 1444 571
add-car 1444 516
add-car 1444 613
add-car 1444 491
add-car 1444 618
add-car 1444 493
add-car 1444 485
add-car 1444 571
add-car 1444 496
add-car 1444 593
add-car 1444 520
add-car 1444 541
add-car 1444 650
add-station 3457 18 1430 1392 1431 1390 1374 1355 1290 1413 1191 1162 1439 1454 1253 1177 1498 1372 1173 1335
add-station 3666 18 1339 1377 1419 1286 1408 1095 1346 1112 1361 1141 1178 1201 1415 1159 1399 1369 1394 1449
add-station 1110 19 467 421 404 394 475 455 392 455 389 418 416 403 469 459 429 499 460 430 412
plan-route 4980 173
add-station 648 24 290 328 272 276 276 278 306 277 353 353 293 327 364 356 320 357 341 275 325 311 319 318 308 285
add-station 1890 25 728 697 644 840 715 749 844 653 689 651 812 857 739 683 851 673 759 756 855 818 809 760 713 796 679
add-station 1258 18 509 477 461 497 530 429 445 500 489 490 439 464 449 462 464 470 523 470
add-station 4231 21 580 539 600 579 492 512 546 547 591 492 588 595 593 545 470 468 467 463 560 578 592
add-station 2540 17 800 824 937 985 958 922 942 814 812 900 842 1015 965 785 984 863 1046
add-station 1851 19 789 808 728 765 790 789 732 826 682 651 839 776 675 790 716 661 625 842 771
add-station 2604 0
add-car 2604 831
add-car 2604 1060
add-car 2604 975
add-car 2604 902
add-car 2604 947
add-car 2604 960
add-car 2604 826
add-car 2604 839
add-car 2604 1003
add-car 2604 939
add-car 2604 980
add-car 2604 933
add-car 2604 931
add-car 2604 849
add-car 2604 852
add-car 2604 853
add-car 2604 841
add-car 2604 868
add-car 2604 981
add-car 2604 959
add-car 2604 886
add-car 2604 1103
add-car 2604 1031
add-station 4768 0
add-car 4768 85
add-car 4768 84
add-car 4768 92
add-car 4768 74
add-car 4768 72
add-car 4768 74
add-car 4768 77
add-car 4768 78
add-car 4768 82
add-car 4768 88
add-car 4768 80
add-car 4768 74
add-car 4768 82
add-car 4768 90
add-car 4768 83
add-car 4768 93
add-car 4768 85
add-car 4768 75
add-station 783 0
add-car 783 340
add-car 783 408
add-car 783 361
add-car 783 385
add-car 783 326
add-car 783 372
add-car 783 365
add-car 783 390
add-car 783 353
add-car 783 401
add-car 783 352
add-car 783 363
add-car 783 376
add-car 783 307
add-car 783 371
add-car 783 376
add-car 783 319
add-car 3846 973
add-station 1219 20 435 447 443 475 449 422 508 510 461 487 501 447 404 514 521 475 523 443 502 441
add-station 41 22 89 85 90 86 95 89 90 92 100 109 84 111 86 95 103 96 103 94 98 103 98 87
add-station 1434 20 607 559 511 482 583 639 552 564 506 498 534 642 626 530 636 548 490 613 535 609
add-station 956 25 417 359 449 461 373 385 346 375 408 400 431 375 393 398 394 418 361 372 412 435 378 408 379 377 457
add-station 4727 23 93 100 107 104 120 95 91 115 117 88 116 91 88 117 120 109 118 91 105 93 107 118 112
add-station 1644 0
add-car 1644 728
add-car 1644 595
add-car 1644 695
add-car 1644 571
add-car 1644 660
add-car 1644 735
add-car 1644 707
add-car 1644 592
add-car 1644 589
add-car 1644 724
add-car 1644 685
add-car 1644 706
add-car 1644 688
add-car 1644 690
add-car 1644 688
add-car 1644 719
add-car 1644 661
add-car 1644 567
add-car 1644 751
add-car 1644 670
add-car 1644 592
add-car 1644 674
add-car 1644 620
add-car 1644 650
add-car 1644 736
add-station 1885 25 721 750 827 769 641 849 718 695 718 809 669 799 685 724 763 724 799 830 706 812 723 727 771 781 800
add-station 1172 19 390 447 515 485 411 417 423 513 409 389 491 385 427 460 399 518 482 412 518
add-station 4748 23 103 103 104 101 106 82 94 102 79 90 90 81 99 89 89 94 83 83 94 91 88 87 86
add-station 646 25 293 305 296 334 273 318 286 331 350 362 358 343 332 317 270 319 362 293 347 293 307 332 328 338 316
add-station 4247 28 460 507 581 499 566 550 533 583 465 552 471 516 591 502 543 591 559 560 574 448 579 542 567 488 548 489 538 523
add-station 4555 22 236 236 244 210 243 229 200 220 219 240 208 224 192 217 227 243 249 200 242 192 190 225
add-station 962 27 359 343 372 347 460 459 402 362 366 408 408 385 369 381 379 411 448 449 449 367 360 361 446 376 414 430 374
add-station 3599 23 1469 1110 1159 1378 1243 1281 1138 1129 1109 1471 1236 1257 1351 1121 1437 1183 1336 1380 1245 1175 1242 1466 1444
add-station 218 21 174 171 149 150 152 183 182 194 177 183 188 148 183 170 169 177 155 172 189 182 158
add-station 1697 21 713 597 690 628 725 739 677 754 670 641 610 636 659 656 752 739 758 770 629 639 620
add-station 4687 19 142 129 145 115 125 116 113 115 122 135 110 122 138 141 145 139 139 134 130
add-station 2416 28 981 830 853 838 903 822 968 816 964 741 980 863 958 746 851 931 982 839 935 984 894 843 850 939 895 741 853 761
add-car 494 3175
add-station 3175 28 1292 1145 1214 1229 1201 1228 1308 1304 1300 1408 1260 1130 1430 1086 1097 1393 1101 1426 1374 1314 1321 1411 1284 1451 1193 1087 1237 1152
add-station 443 0
add-car 443 213
add-car 443 286
add-car 443 266
add-car 443 220
add-car 443 218
add-car 443 288
add-car 443 243
add-car 443 243
add-car 443 282
add-car 443 233
add-car 443 249
add-car 443 288
add-car 443 260
add-car 443 244
add-car 443 282
add-car 443 232
add-car 443 229
add-car 443 274
add-station 3895 27 1038 1127 930 1024 938 1065 1084 1126 1059 1128 963 856 1129 1034 1130 1069 986 1021 914 1100 908 885 909 1097 882 1077 915
add-station 1254 28 479 437 431 455 463 428 505 516 486 502 457 526 515 456 414 424 532 502 505 543 507 403 443 406 451 463 430 485
add-station 2457 27 962 818 794 876 816 826 890 946 959 750 921 875 907 976 762 822 992 842 817 888 795 838 851 849 988 880 972
add-station 3639 22 1243 1126 1326 1216 1342 1470 1445 1212 1329 1108 1344 1205 1442 1459 1422 1410 1420 1170 1340 1376 1288 1260
add-station 1801 0
add-car 1801 662
add-car 1801 819
add-car 1801 686
add-car 1801 613
add-car 1801 627
add-car 1801 788
add-car 1801 664
add-car 1801 783
add-car 1801 736
add-car 1801 735
add-car 1801 719
add-car 1801 811
add-car 1801 622
add-car 1801 725
add-car 1801 714
add-car 1801 773
add-car 1801 729
add-car 2610 2940
add-station 2773 17 938 1004 962 1079 1069 1239 1077 1038 1070 1153 1219 1034 1065 1067 1111 1209 1052
add-station 3756 22 1217 1326 1202 1206 1173 1227 1417 1140 1100 1247 1280 1247 1089 1392 1062 1283 1301 1185 1410 1261 1107 1306
add-station 1191 28 460 526 447 516 468 479 438 526 513 455 457 434 417 393 451 422 456 504 494 441 440 418 398 525 487 478 522 473
add-station 4463 18 322 312 323 321 296 263 254 300 253 298 337 298 294 259 304 279 323 281
scrap-car 693 334
plan-route 173 4463
add-station 4846 0
add-car 4846 42
add-car 4846 45
add-car 4846 52
add-car 4846 45
add-car 4846 54
add-car 4846 47
add-car 4846 53
add-car 4846 52
add-car 4846 40
add-car 4846 51
add-car 4846 51
add-car 4846 43
add-car 4846 47
add-car 4846 47
add-car 4846 42
add-car 4846 46
add-car 4846 49
add-station 1398 28 505 582 476 466 495 536 559 515 467 557 616 606 586 552 486 607 554 559 555 597 613 491 621 622 569 487 565 627
add-station 3829 19 1105 1148 1063 1235 1247 963 1075 1026 1266 1057 1272 1038 1174 1222 1239 1183 1175 986 1171
add-station 3149 22 1346 1282 1327 1159 1417 1424 1156 1354 1206 1406 1415 1311 1130 1198 1165 1206 1095 1259 1440 1101 1216 1250
add-station 665 21 355 370 305 298 326 317 307 342 341 364 295 350 327 293 301 353 353 285 284 338 351
scrap-car 105 1348
add-station 3262 24 1271 1206 1385 1407 1240 1437 1167 1167 1449 1203 1222 1154 1198 1170 1386 1187 1285 1268 1404 1358 1230 1472 1121 1337
add-station 2275 23 745 860 768 888 746 795 789 927 815 924 902 727 887 855 841 877 825 850 750 735 886 910 758
add-station 3292 18 1129 1232 1281 1272 1154 1324 1457 1332 1463 1161 1191 1299 1173 1157 1127 1426 1198 1356
demolish-station 675
add-station 1428 24 636 533 523 565 612 626 509 577 485 538 571 556 578 490 612 491 585 645 590 603 582 503 521 559
scrap-car 2250 899
add-station 1745 26 793 741 603 629 760 800 743 704 740 700 624 718 604 654 676 749 594 629 773 593 631 779 766 638 691 740
add-station 4335 0
add-car 4335 445
add-car 4335 419
add-car 4335 457
add-car 4335 449
add-car 4335 385
add-car 4335 462
add-car 4335 392
add-car 4335 371
add-car 4335 362
add-car 4335 358
add-car 4335 450
add-car 4335 459
add-car 4335 438
add-car 4335 378
add-car 4335 384
add-car 4335 452
add-car 4335 480
add-car 4335 456
add-car 4335 394
add-car 4335 364
add-station 3722 0
add-car 3722 1410
add-car 3722 1075
add-car 3722 1345
add-car 3722 1412
add-car 3722 1157
add-car 3722 1205
add-car 3722 1136
add-car 3722 1201
add-car 3722 1407
add-car 3722 1385
add-car 3722 1092
add-car 3722 1107
add-car 3722 1095
add-car 3722 1378
add-car 3722 1219
add-car 3722 1446
add-car 3722 1272
add-car 3722 1264
add-car 3722 1430
add-car 3722 1140
add-car 3722 1209
add-car 3722 1081
add-car 3722 1419
add-car 3722 1418
add-car 3722 1282
add-car 3722 1117
add-car 3722 1264
add-station 2407 26 871 779 815 898 968 854 965 871 806 965 932 925 827 776 794 734 972 754 928 854 895 975 744 852 894 736
add-car 3058 1378
add-station 828 25 382 350 337 401 352 421 405 348 341 351 339 352 423 322 317 360 395 367 393 352 313 317 389 394 391
add-station 4556 19 244 204 188 226 211 206 186 248 185 200 233 209 193 198 249 250 199 238 205
add-station 3307 0
add-car 3307 1251
add-car 3307 1170
add-car 3307 1307
add-car 3307 1272
add-car 3307 1321
add-car 3307 1404
add-car 3307 1132
add-car 3307 1442
add-car 3307 1317
add-car 3307 1184
add-car 3307 1474
add-car 3307 1415
add-car 3307 1429
add-car 3307 1244
add-car 3307 1454
add-car 3307 1492
add-car 3307 1259
add-car 3307 1271
add-car 3307 1430
add-station 217 22 163 162 143 172 166 172 190 185 157 171 182 168 177 170 176 148 176 190 146 186 161 163
add-station 863 20 366 431 395 353 406 354 349 352 405 398 434 340 355 421 400 382 416 322 342 330
add-station 2777 0
add-car 2777 1203
add-car 2777 1070
add-car 2777 1150
add-car 2777 1041
add-car 2777 1020
add-car 2777 1234
add-car 2777 944
add-car 2777 1096
add-car 2777 937
add-car 2777 1225
add-car 2777 1047
add-car 2777 1129
add-car 2777 1178
add-car 2777 1190
add-car 2777 948
add-car 2777 1143
add-car 2777 946
add-car 2777 998
add-car 2777 936
add-car 2777 1219
add-station 4396 17 314 318 345 377 359 348 370 327 305 398 403 326 390 376 313 353 353
add-station 1595 27 586 702 584 638 612 724 711 606 567 726 580 698 589 598 699 602 669 653 593 576 633 542 608 569 638 681 609
add-station 1593 21 582 658 556 685 623 673 564 571 569 613 546 566 710 722 562 689 632 657 683 699 565
add-station 4460 0
add-car 4460 284
add-car 4460 332
add-car 4460 281
add-car 4460 255
add-car 4460 278
add-car 4460 329
add-car 4460 342
add-car 4460 324
add-car 4460 257
add-car 4460 333
add-car 4460 334
add-car 4460 256
add-car 4460 258
add-car 4460 302
add-car 4460 262
add-car 4460 275
add-car 4460 304
add-car 4460 291
add-car 4460 254
add-car 4460 289
add-car 4460 264
add-car 4460 317
add-car 4460 285
add-car 4460 302
add-car 4460 317
add-station 2906 18 1071 1133 1219 1279 1348 1154 1172 1226 1333 1256 1112 1198 1279 1289 1000 1117 1291 1189
add-station 2782 22 3429 3016 4154 3536 1352 3451 587 2688 2213 865 3472 3181 3977 1948 1404 138 4148 3739 2791 386 2669 4170
add-station 1216 21 473 435 521 398 419 429 516 418 411 499 415 492 400 452 450 501 468 502 521 407 493
add-station 4975 25 4 5 4 4 5 4 5 4 5 5 4 5 4 5 5 4 5 5 5 4 4 5 4 4 5
add-station 156 26 133 159 129 153 135 134 157 127 148 152 151 146 131 132 123 151 138 155 165 134 143 131 127 151 123 152
add-station 2223 0
add-car 2223 741
add-car 2223 791
add-car 2223 730
add-car 2223 837
add-car 2223 939
add-car 2223 809
add-car 2223 823
add-car 2223 905
add-car 2223 892
add-car 2223 773
add-car 2223 866
add-car 2223 798
add-car 2223 898
add-car 2223 760
add-car 2223 767
add-car 2223 905
add-car 2223 721
add-station 3213 26 1377 1270 1367 1414 1406 1188 1459 1097 1229 1186 1156 1300 1118 1168 1100 1376 1328 1098 1218 1400 1478 1320 1115 1303 1424 1116
add-station 153 17 158 149 136 139 137 158 129 131 131 147 136 128 133 159 128 139 156
add-station 511 21 266 293 300 234 233 271 281 282 236 244 279 242 270 310 283 244 293 261 307 305 252
add-station 4171 28 679 559 611 654 626 678 566 596 646 520 577 598 556 581 523 695 604 649 680 600 670 688 655 559 614 541 628 650
add-station 4 27 76 95 84 94 87 87 78 83 82 83 84 85 90 74 89 89 74 96 89 93 95 91 90 86 87 80 95
add-station 2206 23 786 710 926 908 851 796 795 953 944 913 759 848 949 928 835 947 745 765 713 951 788 782 767
demolish-station 1324
add-station 4520 18 235 260 271 247 251 231 255 223 251 251 214 262 282 210 241 272 247 211
add-station 3831 21 1171 1015 1164 1262 1035 958 1159 953 1011 1233 975 1002 1260 1037 1013 1081 1172 1092 1069 1024 1009
add-station 4266 17 514 471 554 548 427 522 460 478 522 514 491 544 535 527 469 423 450
add-station 969 20 422 349 425 380 388 346 420 350 380 425 428 443 460 427 385 366 448 372 408 425
add-station 3302 26 1210 1106 1425 1240 1365 1442 1471 1408 1262 1477 1108 1219 1157 1377 1356 1339 1415 1323 1302 1341 1161 1495 1152 1469 1396 1166
add-station 4566 28 180 190 199 241 206 235 211 210 178 206 229 241 218 240 186 229 225 208 202 207 225 224 232 238 220 196 204 200
add-station 3449 27 1372 1376 1487 1159 1302 1315 1247 1408 1465 1203 1246 1376 1483 1215 1450 1456 1499 1244 1196 1356 1409 1148 1413 1337 1453 1451 1338
add-station 2206 22 3832 892 1648 1812 1941 2955 3336 2928 2691 1892 849 1597 4957 2704 4734 3531 3674 1974 2216 4421 2768 1698
demolish-station 3221
add-station 1135 19 438 511 487 453 404 491 379 399 486 396 508 446 411 507 420 496 410 446 496
add-station 4414 17 351 299 381 310 347 328 361 358 298 360 386 310 342 382 315 343 356
add-station 695 24 344 316 363 337 291 320 343 367 314 303 352 297 338 304 354 364 320 350 379 319 328 363 349 320
add-station 4036 21 701 844 698 743 904 891 894 888 853 764 789 737 730 672 813 694 857 816 766 723 771
demolish-station 3611
add-station 4653 17 162 156 136 151 141 128 133 135 143 132 137 144 134 153 154 146 133
add-station 429 17 223 208 271 270 270 249 281 234 223 279 219 218 233 232 242 282 279
add-station 3501 18 1460 1396 1377 1135 1119 1370 1411 1331 1299 1363 1312 1225 1204 1172 1157 1369 1437 1193
add-station 4797 25 78 78 66 65 78 62 61 63 78 70 69 67 77 60 69 58 78 67 78 60 78 65 76 70 63
add-station 2378 20 818 982 802 809 907 938 736 773 843 879 879 928 786 836 813 837 779 866 935 926
add-station 2405 24 965 934 840 760 953 857 914 966 739 746 820 734 894 795 930 886 815 864 764 741 861 764 978 987
add-station 3631 25 1424 1386 1384 1233 1219 1299 1295 1202 1435 1101 1349 1270 1111 1414 1297 1287 1437 1133 1158 1227 1174 1215 1329 1463 1421
add-station 4404 25 306 380 331 370 397 395 361 351 311 325 377 353 372 312 324 379 391 323 344 396 317 351 332 317 383
add-car 4653 135
add-station 2343 20 887 804 950 836 867 958 907 900 973 807 950 916 750 727 786 789 783 812 816 752
demolish-station 3852
scrap-car 4050 818
add-station 1032 0
add-car 1032 428
add-car 1032 429
add-car 1032 381
add-car 1032 379
add-car 1032 470
add-car 1032 388
add-car 1032 388
add-car 1032 408
add-car 1032 443
add-car 1032 372
add-car 1032 433
add-car 1032 440
add-car 1032 373
add-car 1032 446
add-car 1032 456
add-car 1032 445
add-car 1032 444
add-car 1032 433
add-car 1032 374
demolish-station 97
add-station 4981 23 2 3 3 3 3 2 3 2 2 3 3 3 2 3 3 3 3 2 3 3 3 2 3
add-station 3739 27 1368 1327 1219 1428 1316 1392 1259 1134 1307 1335 1367 1068 1276 1191 1098 1082 1117 1421 1235 1235 1160 1371 1074 1233 1295 1275 1245
add-station 458 20 220 240 277 252 259 239 231 218 265 224 249 244 265 294 238 258 273 288 262 253
demolish-station 3307
add-station 1664 25 730 632 645 704 627 626 625 732 765 763 761 758 591 740 649 604 761 648 568 753 741 678 648 671 637
add-station 2441 24 789 799 964 766 944 783 768 745 788 819 841 777 808 749 855 928 942 907 898 893 939 807 975 851
demolish-station 288
add-station 2805 20 1083 1176 1094 953 1022 1083 1026 1035 971 1083 998 976 1159 956 1093 957 1075 1102 1026 1238
add-car 1256 417
add-station 219 20 154 164 178 186 168 176 146 179 180 151 186 157 180 191 180 179 161 191 187 184
add-station 3448 20 1366 1403 1379 1315 1465 1412 1162 1153 1290 1208 1334 1407 1157 1488 1352 1235 1420 1250 1354 1111
add-station 3845 21 1152 1100 1114 1081 1183 1039 1045 1227 923 978 1169 958 938 1066 978 1199 989 936 942 1170 944
add-station 4253 24 452 518 470 489 485 554 507 459 520 494 534 525 446 562 564 476 498 530 583 579 521 521 492 537
add-station 3354 25 1416 1376 1379 1125 1480 1434 1401 1477 1323 1345 1423 1422 1361 1122 1131 1363 1486 1125 1487 1345 1246 1168 1166 1191 1245
add-station 1870 21 703 790 658 652 774 721 681 707 803 762 712 735 809 675 763 784 648 708 744 629 677
add-station 3068 27 1152 1412 1168 1076 1255 1395 1406 1427 1084 1318 1200 1281 1066 1215 1203 1111 1359 1214 1402 1199 1130 1386 1273 1250 1251 1114 1079
add-station 2438 17 879 805 931 934 851 858 776 838 922 905 991 944 867 932 961 995 985
add-station 2180 17 813 828 833 872 935 899 701 704 893 758 889 763 768 805 884 720 808
add-station 4016 23 920 729 842 736 795 795 858 761 852 858 804 728 871 742 772 926 915 693 711 704 827 857 914
add-station 3039 17 1109 1396 1237 1167 1338 1109 1112 1320 1295 1219 1356 1419 1325 1129 1333 1299 1420
add-station 15 0
add-car 15 88
add-car 15 75
add-car 15 87
add-car 15 99
add-car 15 97
add-car 15 95
add-car 15 94
add-car 15 97
add-car 15 81
add-car 15 82
add-car 15 76
add-car 15 75
add-car 15 94
add-car 15 87
add-car 15 78
add-car 15 83
add-car 15 76
add-car 15 74
add-car 15 84
add-car 15 99
add-car 15 98
add-car 15 77
add-station 1390 23 558 467 495 465 492 484 591 495 473 622 532 585 517 531 547 556 480 487 473 465 573 504 493
add-station 4153 17 721 670 613 656 580 606 651 679 586 719 671 668 581 540 590 565 663
add-station 4263 27 486 433 467 510 479 497 471 468 513 547 462 536 546 523 485 512 435 513 499 465 511 552 519 448 468 564 448
add-station 1206 0
add-car 1206 406
add-car 1206 404
add-car 1206 442
add-car 1206 423
add-car 1206 391
add-car 1206 433
add-car 1206 427
add-car 1206 511
add-car 1206 439
add-car 1206 439
add-car 1206 442
add-car 1206 452
add-car 1206 515
add-car 1206 511
add-car 1206 395
add-car 1206 445
add-car 1206 411
add-station 3987 26 762 875 900 958 891 955 767 926 871 856 908 927 933 947 947 933 820 945 826 810 907 733 792 729 767 794
add-station 1532 21 658 557 668 558 564 528 568 577 600 658 538 569 668 665 585 595 641 531 522 637 614
add-station 4043 25 730 724 855 717 717 770 839 784 889 673 883 824 729 870 832 745 741 675 712 870 868 893 826 819 801
add-station 4845 19 44 42 53 44 50 53 48 51 52 54 42 44 51 54 47 41 48 41 50
add-station 2962 28 1151 1150 1174 1240 1088 1267 1060 1300 1113 1361 1103 1077 1057 1338 1156 1085 1201 1318 1106 1290 1232 1126 1253 1113 1213 1211 1205 1275
add-station 87 21 129 113 121 109 100 131 105 132 131 102 127 130 103 101 102 133 115 122 101 122 135
add-station 1697 28 3948 2241 2773 1417 3461 221 77 2825 341 625 4226 4735 1592 3539 2921 3949 3484 2348 4897 4442 2041 3615 1828 1076 1495 1415 3106 1320
add-station 1086 25 424 465 440 425 469 396 474 389 460 408 443 429 488 384 477 414 429 390 462 392 428 430 383 411 412
add-station 3215 19 1324 1400 1191 1188 1234 1187 1346 1194 1142 1329 1480 1473 1371 1218 1283 1175 1347 1204 1434
add-station 1247 22 486 506 529 524 406 477 531 517 459 449 417 430 459 483 508 409 488 404 429 483 430 510
add-station 3057 24 1083 1400 1320 1384 1103 1209 1256 1218 1240 1425 1319 1092 1106 1235 1122 1244 1363 1213 1408 1402 1197 1283 1421 1369
add-station 5 25 81 92 83 85 82 87 80 80 75 96 93 73 96 79 90 91 82 88 74 78 94 81 88 86 90
add-station 282 23 189 187 178 181 203 220 173 213 183 222 176 173 221 182 213 185 180 181 205 186 181 206 208
add-station 4878 0
add-car 4878 30
add-car 4878 37
add-car 4878 29
add-car 4878 37
add-car 4878 37
add-car 4878 33
add-car 4878 38
add-car 4878 33
add-car 4878 33
add-car 4878 33
add-car 4878 36
add-car 4878 32
add-car 4878 34
add-car 4878 39
add-car 4878 35
add-car 4878 35
add-car 4878 29
add-car 4878 36
add-car 4878 36
add-car 4878 37
add-car 4878 34
add-car 4878 32
plan-route 4797 486
add-station 3629 18 1405 1356 1188 1211 1348 1165 1223 1335 1271 1175 1436 1265 1332 1106 1315 1248 1293 1201
add-station 2985 0
add-car 2985 1132
add-car 2985 1122
add-car 2985 1381
add-car 2985 1245
add-car 2985 1333
add-car 2985 1271
add-car 2985 1154
add-car 2985 1370
add-car 2985 1035
add-car 2985 1241
add-car 2985 1094
add-car 2985 1257
add-car 2985 1071
add-car 2985 1257
add-car 2985 1152
add-car 2985 1051
add-car 2985 1304
add-car 2985 1226
add-car 2985 1305
add-car 2985 1329
add-car 2985 1184
add-car 2985 1176
add-car 2985 1063
add-car 2985 1258
add-car 2985 1378
add-car 2985 1357
add-car 2985 1248
add-station 2558 24 941 852 874 917 802 941 946 792 843 851 827 870 925 948 793 904 872 1024 1038 1023 915 926 875 939
add-station 1578 26 666 614 613 717 675 621 719 658 632 580 598 658 614 694 589 659 554 604 617 544 639 615 709 566 659 566
add-station 3428 18 1465 1282 1229 1353 1441 1116 1404 1361 1398 1381 1331 1217 1496 1116 1380 1156 1413 1262
demolish-station 2223
add-station 862 22 431 424 368 382 335 433 386 335 326 369 372 386 411 401 406 394 359 341 423 334 371 334
add-station 4483 22 290 317 278 301 248 254 249 293 241 286 262 273 288 302 297 266 276 242 252 265 270 315
add-station 104 20 139 129 115 136 139 143 117 120 128 116 119 115 139 106 124 105 118 143 118 121
add-station 3109 21 1076 1161 1246 1401 1216 1214 1170 1391 1269 1222 1355 1145 1283 1293 1337 1213 1212 1206 1354 1213 1230
add-station 2575 18 976 983 869 921 910 967 902 983 902 890 886 965 835 891 1079 862 803 844
add-station 1874 19 724 741 838 852 788 650 839 701 829 729 757 727 748 686 680 716 813 774 723
add-station 3085 28 1071 1373 1380 1363 1430 1330 1416 1376 1166 1376 1141 1065 1276 1201 1101 1372 1126 1243 1424 1116 1112 1393 1153 1392 1357 1104 1180 1161
add-car 2275 742
add-station 677 17 302 295 344 296 341 373 349 353 335 344 288 341 333 341 333 308 348
add-station 267 23 163 215 167 166 187 178 165 215 179 188 208 198 159 215 175 171 168 201 163 207 177 211 201
scrap-car 4483 302
add-station 2940 22 1078 1080 1341 1368 1111 1033 1076 1244 1088 1157 1088 1306 1173 1149 1055 1299 1088 1241 1029 1221 1239 1284
add-station 4586 20 167 183 212 223 194 184 172 193 208 188 197 201 172 171 186 177 205 175 199 166
demolish-station 1032
add-station 3198 0
add-car 3198 1116
add-car 3198 1249
add-car 3198 1387
add-car 3198 1387
add-car 3198 1207
add-car 3198 1364
add-car 3198 1209
add-car 3198 1300
add-car 3198 1096
add-car 3198 1251
add-car 3198 1450
add-car 3198 1306
add-car 3198 1434
add-car 3198 1406
add-car 3198 1153
add-car 3198 1405
add-car 3198 1467
add-car 3198 1374
add-car 3198 1326
add-car 3198 1335
add-car 3198 1270
add-car 3198 1366
add-station 905 27 381 346 331 415 444 354 423 422 381 333 331 417 437 439 384 399 448 383 367 344 333 350 400 400 354 381 398
add-station 2756 17 1024 975 974 1144 1167 990 933 1162 1174 1095 1002 1043 1241 1097 1008 1039 1011
add-station 1911 22 830 749 729 745 724 842 668 776 830 652 827 647 772 730 861 682 699 646 828 856 712 697
add-station 2213 22 768 709 918 768 720 900 901 725 788 953 791 826 778 716 743 801 759 952 873 746 730 789
add-station 4408 21 319 371 316 299 357 397 333 392 325 377 348 351 311 382 364 379 314 386 309 374 375
scrap-car 2170 829
add-station 2670 0
add-car 2670 881
add-car 2670 1168
add-car 2670 1069
add-car 2670 1060
add-car 2670 1033
add-car 2670 971
add-car 2670 1110
add-car 2670 1074
add-car 2670 992
add-car 2670 966
add-car 2670 1123
add-car 2670 955
add-car 2670 888
add-car 2670 1145
add-car 2670 1029
add-car 2670 1035
add-car 2670 1070
add-car 2670 1080
add-car 2670 1135
add-car 2670 895
scrap-car 4520 4997
add-station 4199 22 503 565 568 617 640 495 587 610 629 621 585 650 608 510 538 510 632 528 513 517 507 578
add-station 145 26 119 126 158 146 120 142 153 146 162 149 160 134 126 146 147 149 125 141 150 161 142 142 120 130 146 127
add-station 3037 18 1342 1141 1298 1190 1130 1152 1236 1131 1149 1270 1236 1269 1084 1104 1315 1368 1374 1365
add-station 2489 18 923 852 874 984 797 898 960 763 930 921 892 893 826 836 975 785 822 915
add-station 1731 27 774 650 707 610 704 744 779 784 603 795 600 682 682 593 697 738 653 631 597 612 759 758 794 645 672 620 771
add-station 3985 26 915 825 972 795 749 801 900 823 977 816 864 735 826 974 897 980 954 918 869 982 813 750 769 793 839 837
add-station 1556 22 646 682 661 615 631 661 611 575 661 632 693 595 648 667 647 660 630 550 544 576 570 691
add-station 4749 17 93 83 99 91 100 96 102 106 81 94 85 91 104 96 85 105 87
add-station 2956 22 1047 1062 1226 1203 1139 1343 1154 1280 1279 1311 1192 1224 1173 1238 1126 1051 1030 1252 1316 1027 1023 1279
scrap-car 4170 632
add-station 684 19 339 301 350 346 310 315 319 352 370 366 353 279 333 371 371 348 348 281 367
add-station 542 21 267 306 300 273 281 312 284 301 277 318 312 289 293 306 316 250 262 275 303 288 322
add-station 142 25 152 121 137 139 141 153 138 118 122 134 150 144 139 156 129 122 143 150 129 146 143 122 125 140 134
add-station 4225 18 568 527 515 478 597 588 466 570 543 609 512 622 551 535 588 477 541 522
add-station 2564 21 999 819 959 799 844 986 927 1040 832 796 884 943 1065 893 890 982 1059 1067 982 1000 987
add-station 900 19 401 440 379 343 351 348 385 350 415 424 342 386 377 416 395 370 428 384 359
add-station 1734 0
add-car 1734 666
add-car 1734 613
add-car 1734 738
add-car 1734 653
add-car 1734 663
add-car 1734 634
add-car 1734 632
add-car 1734 740
add-car 1734 731
add-car 1734 642
add-car 1734 792
add-car 1734 754
add-car 1734 771
add-car 1734 593
add-car 1734 682
add-car 1734 600
add-car 1734 644
add-station 3336 22 1308 1426 1425 1124 1419 1184 1338 1422 1234 1137 1291 1270 1373 1159 1235 1273 1194 1199 1390 1452 1123 1154
add-station 2238 23 871 915 854 896 713 783 846 713 757 827 826 839 918 737 880 896 935 749 780 789 790 902 846
add-station 1411 18 593 506 589 500 615 534 525 545 586 600 593 470 558 547 592 530 602 634
add-station 1557 23 591 600 691 671 642 535 543 610 714 543 589 620 671 578 561 707 704 588 603 568 647 671 540
add-station 4791 19 80 60 65 66 66 79 74 60 70 77 78 74 67 78 82 73 70 81 71
add-station 3945 22 1059 927 994 821 839 909 795 808 890 869 1047 966 948 867 857 790 901 997 959 812 979 948
add-station 674 26 363 314 343 311 314 345 328 327 315 364 303 293 355 311 285 299 319 280 310 345 316 313 285 356 342 335
add-station 4438 27 355 335 323 311 347 362 331 362 328 334 281 274 281 357 341 284 292 309 295 332 343 303 269 352 321 275 298
add-station 3098 24 1176 1369 1320 1098 1382 1354 1434 1296 1124 1394 1443 1221 1093 1319 1151 1079 1143 1368 1437 1394 1140 1173 1344 1112
add-station 4608 18 178 183 173 163 154 183 202 160 184 170 199 179 169 185 172 165 172 179
add-station 3743 27 1069 1420 1408 1079 1306 1289 1275 1214 1352 1263 1406 1152 1287 1282 1354 1404 1405 1164 1110 1424 1119 1170 1147 1358 1407 1177 1391
add-station 3028 22 1255 1353 1310 1257 1270 1318 1130 1336 1412 1124 1110 1139 1253 1400 1278 1296 1053 1348 1109 1181 1138 1196
add-station 3896 0
add-car 3896 991
add-car 3896 1052
add-car 3896 1143
add-car 3896 848
add-car 3896 1028
add-car 3896 1072
add-car 3896 866
add-car 3896 1129
add-car 3896 876
add-car 3896 880
add-car 3896 942
add-car 3896 915
add-car 3896 865
add-car 3896 1119
add-car 3896 1022
add-car 3896 1008
add-car 3896 1029
add-car 3896 998
add-car 3896 849
add-car 3896 1007
add-car 3896 1006
add-station 688 28 359 322 343 378 303 359 345 361 324 336 329 286 303 371 304 315 333 330 345 368 306 323 336 350 378 313 338 358
add-station 1184 22 4805 151 2329 2924 749 1762 3423 2914 911 3269 1556 806 123 46 2040 4178 4263 4624 2338 459 277 4627
add-station 3083 19 1221 1112 1225 1437 1305 1332 1200 1207 1280 1092 1088 1246 1330 1429 1314 1351 1135 1080 1389
add-station 1661 19 645 681 668 690 696 628 655 620 608 764 586 610 753 645 604 698 598 685 667
add-station 4818 27 55 66 55 60 64 67 61 59 61 55 51 67 57 66 61 63 63 51 58 65 57 57 64 61 51 61 50
add-station 1095 19 491 397 416 422 380 398 490 428 395 432 410 495 422 484 445 397 472 486 443
add-station 4745 0
add-car 4745 106
add-car 4745 100
add-car 4745 85
add-car 4745 104
add-car 4745 83
add-car 4745 81
add-car 4745 90
add-car 4745 82
add-car 4745 90
add-car 4745 94
add-car 4745 93
add-car 4745 85
add-car 4745 86
add-car 4745 94
add-car 4745 91
add-car 4745 89
add-car 4745 97
add-car 4745 102
add-car 4745 92
add-car 4745 107
add-car 4745 80
add-car 4745 89
add-car 4745 80
add-car 4745 93
add-station 2450 22 993 798 879 802 800 772 931 772 783 860 859 823 740 942 781 825 987 739 784 758 968 768
add-station 4071 22 701 791 656 787 669 740 729 816 706 684 835 772 813 760 815 715 786 782 641 695 638 679
add-car 4973 4097
add-station 1212 20 438 451 430 449 426 402 491 439 443 416 483 394 456 462 430 482 520 443 493 441
add-station 2520 26 759 981 883 772 826 810 1012 1005 999 795 850 811 975 964 786 873 794 900 986 824 1023 837 1025 994 918 1010
add-station 1724 0
add-car 1724 751
add-car 1724 780
add-car 1724 588
add-car 1724 789
add-car 1724 747
add-car 1724 775
add-car 1724 778
add-car 1724 746
add-car 1724 704
add-car 1724 691
add-car 1724 725
add-car 1724 597
add-car 1724 643
add-car 1724 791
add-car 1724 608
add-car 1724 608
add-car 1724 621
add-car 1724 613
add-car 1724 688
add-car 1724 712
add-car 1724 760
add-car 1724 733
add-car 1724 700
add-car 1724 754
add-car 1724 593
add-car 1724 721
add-station 3025 18 1221 1132 1392 1208 1060 1356 1174 1248 1168 1390 1133 1137 1225 1172 1200 1343 1347 1116
scrap-car 2275 768
add-car 678 383
add-station 19 17 79 99 95 100 86 85 103 100 97 102 81 76 88 99 78 92 91
add-car 2457 764
add-car 1868 722
add-station 3478 17 1173 1184 1419 1309 1348 1125 1455 1411 1149 1453 1346 1314 1430 1323 1145 1417 1143
add-station 2212 20 926 894 860 761 784 788 731 909 839 836 924 821 770 807 860 772 724 718 789 853
add-station 768 22 324 322 323 331 336 387 346 324 400 326 388 319 386 351 379 349 306 366 318 314 324 335
add-station 61 21 121 100 99 114 94 91 117 104 114 119 115 96 105 113 119 104 99 116 92 115 94
add-station 4679 28 148 122 117 132 146 117 147 148 133 141 145 119 130 127 142 144 123 125 124 152 134 120 120 131 118 113 142 127
add-station 4880 17 32 28 36 38 30 31 28 28 37 32 31 36 30 32 32 33 30
add-station 1895 28 849 814 809 832 750 749 739 655 650 663 719 735 803 642 795 655 688 778 638 797 675 748 848 748 835 726 759 795
add-station 1682 26 721 618 587 581 609 696 652 600 638 591 579 753 715 664 594 736 769 617 645 610 732 650 620 652 699 731
add-station 3855 17 915 921 1075 1135 1079 1209 1014 985 1044 1064 947 1082 1172 1128 940 943 1218
add-station 2114 0
add-car 2114 795
add-car 2114 865
add-car 2114 779
add-car 2114 717
add-car 2114 872
add-car 2114 908
add-car 2114 816
add-car 2114 731
add-car 2114 893
add-car 2114 694
add-car 2114 915
add-car 2114 770
add-car 2114 790
add-car 2114 892
add-car 2114 901
add-car 2114 688
add-car 2114 835
add-car 2114 871
add-car 2114 845
add-station 3071 25 1171 1067 1265 1392 1249 1112 1289 1065 1356 1101 1085 1382 1135 1186 1082 1376 1426 1274 1366 1297 1147 1416 1311 1410 1069
add-station 488 28 287 279 236 289 260 238 288 284 279 295 285 246 275 297 240 277 235 252 305 238 264 297 233 299 272 229 255 283
scrap-car 2575 897
add-station 1813 24 682 826 626 701 682 704 700 620 792 649 736 701 761 806 827 618 710 788 741 776 691 688 625 665
add-station 3137 17 1158 1343 1128 1352 1261 1289 1404 1274 1276 1370 1380 1387 1183 1323 1193 1457 1389
add-station 274 22 213 182 182 196 182 197 185 214 188 196 163 186 200 164 191 166 205 180 203 206 188 204
add-station 4025 19 821 695 909 745 705 813 707 921 769 712 909 718 696 776 829 871 869 914 685
demolish-station 1202
add-station 327 19 202 229 204 240 188 236 232 178 208 220 236 186 223 230 192 208 186 215 205
add-station 4662 0
add-car 4662 155
add-car 4662 148
add-car 4662 129
add-car 4662 160
add-car 4662 127
add-car 4662 133
add-car 4662 154
add-car 4662 124
add-car 4662 144
add-car 4662 136
add-car 4662 147
add-car 4662 136
add-car 4662 142
add-car 4662 152
add-car 4662 148
add-car 4662 139
add-car 4662 162
add-car 4662 155
add-car 4662 132
add-car 4662 157
add-car 4662 135
add-car 4662 138
add-car 4662 158
add-car 4662 142
add-station 2563 26 854 864 1055 897 875 1043 1069 803 933 995 981 841 965 882 838 881 995 874 936 857 918 865 932 806 820 969
add-station 1145 20 451 450 494 444 501 443 479 429 400 452 387 391 390 458 461 384 504 478 500 450
add-station 2291 21 895 765 812 791 932 936 792 968 884 748 898 830 778 833 895 878 848 878 964 727 871
add-station 4349 19 387 454 382 432 409 419 398 412 397 462 402 343 374 453 414 352 418 434 384
add-station 4987 17 1 2 2 2 2 2 2 1 2 2 1 1 2 1 2 2 1
add-station 2276 18 909 958 749 841 828 849 854 884 903 884 962 853 900 802 736 937 790 898
scrap-car 1593 562
add-car 1885 783
add-station 4260 18 427 497 518 477 525 442 427 564 491 551 456 468 520 518 563 486 569 487
add-station 3312 17 1318 1280 1232 1270 1119 1392 1241 1175 1309 1413 1422 1487 1484 1152 1458 1426 1385
scrap-car 3756 1281
add-station 852 23 370 422 338 340 429 421 394 369 357 351 343 324 356 357 378 328 338 401 371 427 344 368 322
add-station 1217 0
add-car 1217 448
add-car 1217 425
add-car 1217 445
add-car 1217 492
add-car 1217 529
add-car 1217 483
add-car 1217 525
add-car 1217 408
add-car 1217 469
add-car 1217 398
add-car 1217 431
add-car 1217 429
add-car 1217 484
add-car 1217 481
add-car 1217 428
add-car 1217 412
add-car 1217 421
add-car 1217 412
add-car 1217 531
add-car 1217 394
add-car 1217 511
add-car 1217 429
add-car 1217 416
add-car 1217 491
add-car 1217 525
add-car 1217 504
add-car 1217 415
add-station 3056 19 1394 1174 1237 1363 1234 1358 1152 1057 1356 1120 1055 1274 1274 1428 1332 1301 1160 1399 1199
add-station 2633 23 1027 966 1020 1102 916 989 864 1009 1060 1017 1005 1104 1095 1100 1080 877 875 1131 855 912 1055 1010 1015
add-car 4987 6
add-car 4975 27
add-car 4906 42
add-car 4948 42
add-car 4980 5
add-car 4981 6
plan-route 4854 486
