add-station 2777 16 136 130 111 146 110 110 140 135 116 131 136 128 127 137 130 149
add-station 450 12 85 77 80 77 75 80 83 86 87 85 77 75
add-station 1303 18 680 730 823 667 773 779 819 831 641 727 733 634 691 818 730 665 628 787
add-station 2694 12 205 169 198 164 162 194 184 174 158 160 207 166
add-station 823 16 200 248 200 229 235 233 262 228 200 250 248 228 214 265 267 263
add-station 1256 16 717 686 679 657 640 731 691 629 693 627 611 715 620 597 774 745
add-station 2346 12 281 221 232 288 218 289 220 225 256 259 256 291
add-station 815 18 245 202 223 207 198 226 230 241 193 234 224 248 244 220 205 242 244 238
add-station 2052 21 304 287 288 333 304 336 260 290 317 290 263 277 303 270 274 291 305 258 289 314 281
scrap-car 1262 1339
add-station 2167 16 233 232 225 258 217 194 228 241 207 213 208 227 260 204 241 230
add-car 2183 1966
add-station 1520 0
add-car 1520 839
add-car 1520 788
add-car 1520 715
add-car 1520 811
add-car 1520 814
add-car 1520 828
add-car 1520 800
add-car 1520 811
add-car 1520 814
add-car 1520 803
add-car 1520 680
add-car 1520 683
add-car 1520 859
add-car 1520 719
add-car 1520 676
add-car 1520 737
add-station 517 17 87 84 76 89 75 86 93 72 77 83 86 75 77 89 91 77 88
add-station 2226 13 203 243 231 189 207 225 233 192 201 193 246 255 236
add-station 1263 21 666 688 604 691 673 785 685 788 694 650 659 803 599 735 749 624 680 751 684 758 787
add-station 112 13 30 31 27 28 33 27 37 34 32 30 37 28 27
add-station 20 20 18 16 16 18 15 20 18 18 19 17 20 19 18 17 18 15 15 18 16 19
add-station 948 17 366 388 378 433 416 392 381 437 347 369 349 384 354 398 350 413 398
add-station 957 15 405 437 354 374 376 400 430 359 427 453 411 367 418 370 457
add-station 680 14 107 90 102 102 103 84 91 96 103 86 97 111 107 108
add-station 2464 20 241 266 221 223 221 287 292 255 272 234 268 291 278 233 278 237 221 279 278 261
add-station 667 12 94 87 93 108 103 90 108 89 89 88 88 92
add-station 1478 17 729 704 885 735 928 716 706 707 725 864 787 887 789 760 775 694 928
add-station 168 21 44 43 36 37 34 43 44 37 41 40 42 34 36 45 46 37 35 35 37 39 45
scrap-car 1263 684
add-station 86 21 29 24 24 31 29 29 25 27 27 31 26 24 26 30 25 27 27 24 29 32 27
add-station 2691 18 163 199 204 193 201 161 165 177 157 162 204 195 163 163 181 197 168 188
add-station 2020 12 304 282 288 277 288 326 352 312 367 327 278 313
add-station 1697 17 582 569 639 551 507 542 576 589 575 502 580 506 623 631 530 540 559
add-station 1761 12 478 491 556 458 523 578 529 501 454 473 553 502
add-station 2427 12 285 231 259 284 253 241 272 276 268 289 223 258
add-station 544 12 75 83 87 95 79 96 83 86 73 95 73 96
add-station 523 20 91 75 86 71 94 83 73 91 87 93 78 72 91 91 90 86 92 95 84 86
add-station 529 13 94 74 94 81 75 78 85 87 74 91 94 86 77
add-station 1651 15 604 707 666 571 572 712 698 637 573 631 722 571 702 626 603
add-station 1538 13 715 664 689 704 644 763 808 803 779 805 844 837 682
add-station 1976 12 350 382 357 364 397 346 391 328 322 310 388 340
add-station 484 15 87 91 81 82 77 86 81 68 69 70 84 74 67 76 88
add-station 1400 18 771 795 814 900 692 863 767 715 839 838 821 699 810 778 785 754 728 687
add-station 1530 21 862 763 859 755 845 846 849 677 764 676 660 729 836 652 744 751 758 751 784 707 838
add-station 1015 19 517 475 446 455 439 528 517 510 477 457 401 479 450 514 528 405 448 490 471
add-station 925 18 382 402 329 347 374 324 334 355 335 364 328 368 409 313 358 333 326 396
add-station 2324 16 213 260 282 270 213 283 256 281 253 272 271 215 284 242 275 231
add-station 647 20 84 86 81 84 94 101 80 84 108 83 103 99 93 96 87 100 90 102 90 101
add-station 91 20 26 29 28 24 24 32 29 24 32 32 27 32 32 30 30 33 29 30 33 30
plan-route 2324 168
add-station 873 20 285 283 288 273 324 255 333 315 329 328 324 268 333 267 278 317 294 342 325 260
add-station 368 0
add-car 368 64
add-car 368 60
add-car 368 74
add-car 368 67
add-car 368 70
add-car 368 74
add-car 368 73
add-car 368 71
add-car 368 57
add-car 368 62
add-car 368 65
add-car 368 60
add-car 368 72
add-car 368 57
add-car 368 68
add-car 368 57
add-station 998 18 395 403 403 402 448 494 516 506 400 516 448 456 404 455 457 459 459 418
add-station 23 15 20 16 17 18 16 17 15 20 20 18 15 19 20 19 16
add-station 1299 14 800 752 679 734 792 743 642 767 778 833 810 764 619 756
scrap-car 1299 792
add-station 2150 14 270 214 236 213 245 239 231 206 229 261 247 274 246 210
add-station 1583 14 757 687 681 664 648 762 751 781 650 747 739 597 632 713
add-station 115 15 27 36 29 34 35 33 30 31 27 31 34 27 32 35 29
add-station 390 17 78 68 66 72 62 62 75 73 78 75 58 79 68 59 72 65 61
add-car 948 420
add-station 2767 14 132 154 142 136 144 153 126 147 148 125 155 143 131 136
add-station 188 14 39 37 36 48 44 43 49 38 36 36 41 45 45 40
add-station 708 21 109 98 89 110 105 86 89 89 93 92 89 110 88 108 91 89 115 106 108 102 86
add-station 1734 0
add-car 1734 575
add-car 1734 500
add-car 1734 627
add-car 1734 575
add-car 1734 604
add-car 1734 558
add-car 1734 518
add-car 1734 632
add-car 1734 513
add-car 1734 483
add-car 1734 550
add-car 1734 597
add-car 1734 550
add-car 1734 580
add-car 1734 533
add-car 1734 501
add-car 1734 585
add-car 1734 573
add-car 1734 552
demolish-station 1313
add-station 2751 15 157 150 138 166 144 135 131 169 132 128 168 163 167 153 154
add-station 1157 21 589 578 611 538 620 607 662 573 621 610 525 566 589 534 600 573 619 555 702 545 556
add-station 990 16 496 409 404 494 507 442 420 389 453 459 460 490 503 503 395 425
add-station 2106 21 245 289 244 285 235 290 230 230 286 295 262 299 283 274 247 227 264 285 269 277 265
add-station 1334 17 785 703 852 762 745 699 857 816 680 764 707 733 659 835 851 691 685
add-station 2010 0
add-car 2010 349
add-car 2010 305
add-car 2010 306
add-car 2010 298
add-car 2010 316
add-car 2010 377
add-car 2010 349
add-car 2010 371
add-car 2010 338
add-car 2010 356
add-car 2010 324
add-car 2010 317
add-car 2010 311
add-station 2314 12 263 279 250 279 250 223 231 271 285 210 243 222
add-station 915 0
add-car 915 306
add-car 915 388
add-car 915 358
add-car 915 363
add-car 915 389
add-car 915 317
add-car 915 341
add-car 915 393
add-car 915 372
add-car 915 364
add-car 915 351
add-car 915 368
add-station 1461 14 859 698 873 763 706 850 887 752 825 846 915 893 781 722
add-station 2240 19 204 218 253 214 239 220 241 243 253 197 210 211 204 235 231 262 213 259 256
add-station 2740 0
add-car 2740 142
add-car 2740 156
add-car 2740 156
add-car 2740 137
add-car 2740 153
add-car 2740 138
add-car 2740 157
add-car 2740 159
add-car 2740 146
add-car 2740 132
add-car 2740 168
add-car 2740 170
add-car 2740 145
add-station 133 15 34 34 40 35 33 37 31 35 38 35 31 38 33 36 35
demolish-station 1400
add-station 2922 13 5 6 5 6 6 6 6 5 7 7 5 7 7
add-station 2867 20 53 51 63 64 49 63 64 59 51 67 49 50 50 55 65 50 64 55 65 52
add-station 118 12 30 30 38 28 32 34 36 38 33 38 33 32
add-station 2251 0
add-car 2251 238
add-car 2251 226
add-car 2251 255
add-car 2251 208
add-car 2251 216
add-car 2251 209
add-car 2251 239
add-car 2251 221
add-car 2251 220
add-car 2251 237
add-car 2251 210
add-car 2251 259
add-car 2251 197
add-car 2251 197
add-car 2251 266
add-car 2251 226
add-car 2251 251
add-car 2251 200
add-station 149 20 41 36 43 39 38 38 34 38 33 41 40 40 34 40 42 35 32 38 35 34
add-station 1341 20 768 685 803 643 822 684 747 655 738 733 722 690 808 693 705 802 784 761 651 819
add-station 1925 0
add-car 1925 419
add-car 1925 421
add-car 1925 356
add-car 1925 339
add-car 1925 399
add-car 1925 401
add-car 1925 422
add-car 1925 422
add-car 1925 348
add-car 1925 338
add-car 1925 361
add-car 1925 415
add-car 1925 407
add-car 1925 392
add-car 1925 412
add-station 2453 16 274 282 224 228 257 269 282 243 288 276 252 236 249 265 273 254
add-station 1235 18 621 589 697 729 589 693 666 586 744 728 701 660 770 580 736 600 577 771
add-station 992 12 434 454 497 421 420 379 390 479 443 470 392 391
add-station 1701 14 642 668 664 506 512 532 521 555 605 654 496 509 503 598
add-station 294 12 50 59 58 64 49 50 56 63 62 54 54 53
add-station 1557 15 707 615 772 726 742 663 765 679 782 663 814 793 725 785 652
add-station 2141 0
add-car 2141 249
add-car 2141 246
add-car 2141 253
add-car 2141 242
add-car 2141 264
add-car 2141 253
add-car 2141 215
add-car 2141 237
add-car 2141 278
add-car 2141 213
add-car 2141 213
add-car 2141 217
add-car 823 252
add-station 961 14 366 366 367 455 363 462 376 413 379 415 364 429 366 407
add-station 1422 12 787 902 681 908 723 851 901 728 706 685 731 802
add-station 1507 20 858 766 825 729 790 776 693 830 745 746 874 821 806 848 742 846 669 787 885 730
add-station 1891 15 382 395 478 364 358 365 377 451 426 472 381 402 425 406 448
add-station 2026 15 326 314 308 324 328 299 351 350 320 340 321 295 352 343 293
add-station 116 19 36 30 32 33 32 37 29 34 33 29 28 37 27 29 29 35 36 31 29
add-station 1776 21 548 573 446 518 490 537 455 477 486 515 503 529 487 584 564 439 438 460 545 561 579
add-station 2283 19 239 233 275 210 227 213 264 242 209 253 277 220 218 261 248 211 221 242 231
add-station 2143 21 232 208 272 269 266 206 257 229 251 216 263 264 244 238 274 265 208 254 215 241 234
add-station 2525 16 218 269 269 213 278 209 211 231 213 245 259 276 244 249 216 274
add-station 2394 16 224 260 241 226 266 293 233 293 260 282 222 259 284 283 286 287
add-station 289 21 54 53 56 53 59 49 58 52 64 52 50 56 57 53 59 61 56 58 65 48 54
add-station 1496 19 675 760 772 833 893 722 885 716 879 794 708 899 736 828 811 839 798 843 803
add-station 1008 20 531 496 509 516 416 476 424 431 504 529 435 405 467 416 464 459 394 488 467 431
add-station 2545 13 248 217 244 267 252 249 223 246 227 269 253 239 219
add-station 2793 16 122 127 132 129 122 122 120 120 114 114 126 125 104 135 104 130
add-station 1751 19 523 489 583 509 612 483 496 567 580 490 471 526 616 603 478 616 460 512 595
add-station 1314 16 721 790 835 685 800 647 761 789 689 628 776 814 701 738 692 689
add-station 2718 14 147 164 183 192 142 154 165 165 175 165 191 153 146 177
add-station 1749 0
add-car 1749 482
add-car 1749 504
add-car 1749 516
add-car 1749 543
add-car 1749 524
add-car 1749 541
add-car 1749 474
add-car 1749 522
add-car 1749 596
add-car 1749 603
add-car 1749 588
add-car 1749 543
add-car 1749 518
add-car 1749 485
add-car 1749 460
add-car 1749 578
add-car 1749 609
add-car 1749 530
add-station 497 18 92 86 71 91 85 82 73 76 78 70 78 73 83 90 81 77 75 84
add-station 683 0
add-car 683 93
add-car 683 103
add-car 683 99
add-car 683 87
add-car 683 104
add-car 683 95
add-car 683 99
add-car 683 92
add-car 683 91
add-car 683 99
add-car 683 110
add-car 683 101
add-car 683 102
add-car 683 98
add-car 683 109
add-car 683 85
add-car 683 101
add-car 683 83
add-car 683 95
add-station 723 13 99 86 107 108 87 87 99 88 112 88 98 113 115
add-station 453 12 66 67 77 87 83 81 78 85 86 70 79 79
add-station 1287 19 745 711 721 653 718 623 704 753 698 714 798 707 781 688 813 753 656 770 714
add-car 1334 717
add-station 2593 21 211 242 219 259 212 216 233 240 196 242 233 222 202 198 244 203 194 234 236 259 207
add-station 1132 15 660 532 585 607 663 648 530 653 555 611 631 619 539 586 534
add-station 2916 14 10 14 14 10 13 11 13 10 10 12 10 11 12 11
add-station 322 19 68 64 70 59 65 52 56 61 63 55 70 64 61 63 68 57 55 58 64
add-station 2669 12 186 188 192 166 202 175 175 174 210 194 200 202
add-station 467 18 74 70 88 67 88 69 83 77 74 88 76 89 82 74 88 88 73 83
add-station 574 17 91 91 81 98 94 94 95 86 90 92 96 78 77 98 77 85 93
add-station 2362 21 259 231 254 275 265 253 278 232 292 226 274 246 262 228 271 237 229 288 229 265 284
add-station 1391 15 746 740 808 857 827 822 732 685 778 797 888 891 676 703 706
add-station 2108 13 271 235 243 267 280 246 228 277 293 255 301 264 253
add-station 1357 16 871 669 651 863 853 653 710 806 748 720 684 765 853 674 729 706
add-station 1656 13 548 630 560 708 552 669 688 594 546 539 716 604 603
add-station 1811 0
add-car 1811 525
add-car 1811 442
add-car 1811 430
add-car 1811 548
add-car 1811 548
add-car 1811 464
add-car 1811 498
add-car 1811 447
add-car 1811 540
add-car 1811 439
add-car 1811 479
add-car 1811 541
add-car 1811 516
add-car 1811 518
add-car 1811 433
add-car 1811 476
add-car 1811 548
add-station 2659 12 178 202 207 220 224 201 173 204 201 195 180 194
add-station 2597 13 221 234 240 224 211 241 194 255 249 215 249 241 254
add-station 1840 17 472 422 495 487 461 484 479 458 492 501 493 443 497 416 523 417 522
add-station 1161 12 692 674 536 571 658 532 575 668 690 616 605 645
add-station 2700 15 183 199 160 187 177 158 185 151 156 197 184 192 162 186 183
add-station 1295 17 706 744 781 665 793 667 669 650 783 707 788 641 647 752 629 614 685
add-station 682 0
add-car 682 88
add-car 682 92
add-car 682 85
add-car 682 94
add-car 682 100
add-car 682 94
add-car 682 111
add-car 682 98
add-car 682 84
add-car 682 99
add-car 682 107
add-car 682 106
add-car 682 110
add-car 682 98
add-car 682 86
add-car 682 103
add-car 682 95
add-car 682 98
add-car 682 102
add-car 682 91
add-car 682 103
add-station 966 13 360 370 391 388 362 394 466 465 357 422 425 469 442
add-station 471 0
add-car 471 82
add-car 471 87
add-car 471 78
add-car 471 72
add-car 471 70
add-car 471 86
add-car 471 88
add-car 471 70
add-car 471 88
add-car 471 77
add-car 471 82
add-car 471 85
add-car 471 76
add-car 471 72
add-car 471 75
add-car 471 67
add-car 471 89
add-car 471 81
add-car 471 85
add-car 471 83
add-station 194 18 40 43 37 50 40 49 39 38 40 45 46 41 49 44 45 38 43 44
add-station 2632 20 215 235 191 225 192 211 196 205 195 203 203 198 194 224 211 215 218 243 217 180
add-station 1459 14 861 825 818 741 868 731 897 848 750 714 718 898 875 707
add-station 1405 0
add-car 1405 768
add-car 1405 896
add-car 1405 834
add-car 1405 699
add-car 1405 694
add-car 1405 782
add-car 1405 789
add-car 1405 801
add-car 1405 892
add-car 1405 827
add-car 1405 868
add-car 1405 756
add-car 1405 889
add-car 1405 824
add-car 1405 689
add-car 1405 673
add-car 1405 813
add-car 1405 836
add-car 1405 869
plan-route 2694 118
add-station 1011 21 510 466 449 486 523 520 493 482 452 488 490 428 414 459 498 434 400 447 469 472 476
add-station 2469 13 272 218 252 235 290 286 240 223 221 246 249 231 243
add-station 2690 16 196 160 197 170 164 197 163 176 168 180 175 161 165 168 179 157
add-station 791 15 197 207 209 187 216 195 206 166 212 216 211 185 183 161 200
add-station 444 12 74 66 77 68 78 69 79 72 72 79 75 69
scrap-car 951 71
add-station 14 18 14 18 14 19 14 18 17 18 18 17 17 19 15 19 16 17 19 17
add-station 832 21 243 233 271 212 209 209 213 243 229 267 268 267 261 224 217 263 243 276 266 210 252
add-station 1596 20 667 765 732 691 585 656 672 656 684 737 671 765 597 766 682 612 771 768 765 583
add-station 1816 15 430 452 513 485 444 517 460 486 454 518 500 526 479 481 481
add-station 2716 0
add-car 2716 165
add-car 2716 161
add-car 2716 175
add-car 2716 166
add-car 2716 194
add-car 2716 175
add-car 2716 188
add-car 2716 172
add-car 2716 145
add-car 2716 164
add-car 2716 175
add-car 2716 179
add-car 2716 185
add-station 2027 0
add-car 2027 286
add-car 2027 296
add-car 2027 354
add-car 2027 314
add-car 2027 305
add-car 2027 274
add-car 2027 309
add-car 2027 293
add-car 2027 326
add-car 2027 357
add-car 2027 347
add-car 2027 330
add-car 2027 323
add-car 2027 272
add-station 295 16 50 62 55 53 56 48 62 66 54 55 58 63 52 50 63 59
add-station 2923 18 5 5 6 6 5 6 5 5 5 6 5 6 5 5 6 6 5 6
add-car 2738 1408
add-car 116 27
add-station 508 15 76 73 81 88 87 90 75 82 90 91 85 89 72 93 75
add-station 1764 12 542 474 512 505 601 601 480 482 480 536 548 558
demolish-station 2010
add-station 2218 20 233 238 218 193 247 203 249 248 215 246 241 214 194 246 204 207 197 219 233 212
add-station 1934 21 412 432 351 428 386 369 429 369 361 343 365 418 351 402 415 421 422 397 420 410 427
add-station 159 17 44 40 38 36 42 36 41 42 39 38 33 44 40 37 36 33 35
add-station 2539 17 255 210 234 233 231 233 277 243 222 231 246 209 229 251 266 262 231
plan-route 2751 294
add-station 1527 16 864 670 761 765 797 856 751 836 818 790 839 804 855 651 757 735
add-station 1899 0
add-car 1899 464
add-car 1899 361
add-car 1899 389
add-car 1899 380
add-car 1899 359
add-car 1899 452
add-car 1899 432
add-car 1899 370
add-car 1899 390
add-car 1899 471
add-car 1899 412
add-car 1899 400
add-car 1899 385
add-car 1899 466
add-car 1899 386
add-station 224 15 44 47 47 44 43 53 43 48 46 49 40 49 44 52 45
add-station 2737 18 137 158 147 158 157 161 171 137 144 163 176 135 159 175 167 141 143 179
add-station 965 20 355 436 463 392 364 427 384 462 414 415 446 426 405 459 405 404 366 417 398 445
add-station 1442 13 923 795 765 741 863 695 811 778 829 925 706 894 712
add-station 397 12 66 63 80 75 69 67 67 61 76 67 67 77
add-station 1219 12 680 693 674 574 635 689 601 566 757 713 646 707
add-station 380 18 68 66 75 63 74 60 63 77 77 65 74 63 74 64 62 76 65 71
add-station 1920 12 431 411 363 346 428 360 413 420 389 373 422 364
add-station 531 14 77 80 74 94 89 97 96 88 95 71 94 97 73 80
add-station 1133 20 665 600 650 538 508 606 554 674 613 530 670 594 532 659 503 617 583 502 533 615
add-station 1245 20 701 720 750 625 723 744 615 632 614 718 690 606 768 774 675 600 607 582 752 634
scrap-car 708 97
add-station 353 21 57 54 61 54 65 71 73 64 63 55 71 74 73 55 63 65 73 73 72 68 66
add-station 1540 13 648 844 769 690 701 637 766 758 691 696 781 652 763
add-station 371 18 58 69 73 58 69 67 66 69 68 57 60 66 69 75 58 69 61 61
add-station 2132 19 267 221 254 234 235 257 276 226 275 233 226 213 232 232 222 284 275 217 257
add-station 579 0
add-car 579 91
add-car 579 97
add-car 579 101
add-car 579 94
add-car 579 93
add-car 579 94
add-car 579 85
add-car 579 93
add-car 579 101
add-car 579 83
add-car 579 77
add-car 579 90
add-car 579 88
add-car 579 86
add-car 579 80
add-car 579 95
add-car 579 100
add-car 579 90
add-car 579 87
add-station 1690 21 657 569 662 665 619 641 553 602 646 571 586 573 587 503 502 652 566 661 659 539 517
plan-route 133 2718
add-station 1872 19 405 399 490 460 476 422 462 451 404 478 451 470 451 466 461 372 454 429 382
add-station 2503 19 223 230 251 261 238 245 221 286 228 216 270 285 250 263 223 236 217 252 263
add-station 1187 12 717 731 642 575 689 555 612 622 588 597 715 662
add-station 167 14 35 42 45 41 42 44 42 39 35 34 45 39 34 42
add-station 2493 14 257 282 256 239 251 286 268 241 284 282 222 239 226 257
add-station 521 14 78 81 78 85 89 86 93 72 77 94 72 72 87 76
add-station 2541 16 252 220 219 225 224 254 236 264 219 250 222 205 270 263 210 233
add-station 332 0
add-car 332 67
add-car 332 69
add-car 332 70
add-car 332 57
add-car 332 54
add-car 332 70
add-car 332 59
add-car 332 65
add-car 332 67
add-car 332 53
add-car 332 61
add-car 332 67
add-car 332 57
add-car 332 69
add-car 332 59
add-car 332 64
add-car 332 57
add-car 332 64
add-car 332 60
add-car 332 66
add-station 1463 14 820 865 799 862 853 727 925 913 741 738 763 787 840 889
demolish-station 2027
add-station 342 17 60 53 66 70 68 54 68 57 71 63 56 63 70 61 57 64 66
add-car 2007 2620
add-station 81 17 24 24 24 29 25 25 30 27 27 26 30 30 27 29 29 25 27
add-station 2783 16 123 141 139 125 139 114 110 135 129 125 108 122 124 112 144 144
demolish-station 2226
add-station 58 16 20 27 26 27 21 26 24 23 20 26 20 23 25 27 23 24
add-station 2612 0
add-car 2612 245
add-car 2612 195
add-car 2612 188
add-car 2612 195
add-car 2612 204
add-car 2612 238
add-car 2612 250
add-car 2612 208
add-car 2612 235
add-car 2612 226
add-car 2612 215
add-car 2612 214
add-car 2612 219
add-car 2612 252
add-car 2612 229
add-car 2612 215
add-car 2612 235
add-car 2612 207
add-car 2612 237
add-car 2612 233
add-station 420 19 70 75 80 64 62 63 74 77 68 62 75 69 77 72 71 67 74 74 65
add-station 2928 12 1 0 1 1 0 0 1 1 1 0 1 0
add-station 2536 12 278 226 252 241 265 260 242 222 209 247 211 221
add-station 413 16 71 81 69 71 78 76 65 71 69 79 69 80 61 66 76 60
add-station 338 0
add-car 338 71
add-car 338 68
add-car 338 72
add-car 338 71
add-car 338 67
add-car 338 62
add-car 338 60
add-car 338 62
add-car 338 54
add-car 338 69
add-car 338 70
add-car 338 63
add-car 338 53
add-car 338 54
add-car 338 59
add-car 338 64
add-car 338 58
add-station 1632 19 700 666 710 606 600 582 655 660 647 661 730 615 720 593 566 617 723 682 672
add-station 686 14 112 102 102 101 90 103 94 111 84 94 97 106 99 88
add-station 1227 20 593 606 699 727 753 630 591 586 706 707 627 637 619 680 588 635 590 638 745 771
add-station 1861 15 428 420 465 427 442 505 403 468 498 442 483 443 482 446 507
add-station 2587 15 255 256 213 200 200 255 257 213 214 219 252 206 202 214 255
add-station 2161 21 247 231 234 226 225 218 264 228 263 256 260 234 252 243 259 215 208 242 258 265 252
add-station 110 20 36 32 27 31 31 36 31 33 34 33 32 36 36 30 28 28 32 28 36 28
add-station 677 16 100 89 85 99 102 101 105 105 85 94 111 92 101 89 87 106
add-station 1471 0
add-car 1471 847
add-car 1471 840
add-car 1471 758
add-car 1471 860
add-car 1471 937
add-car 1471 769
add-car 1471 782
add-car 1471 705
add-car 1471 815
add-car 1471 915
add-car 1471 924
add-car 1471 864
add-car 1471 874
add-car 1471 805
add-car 1471 887
add-car 1471 751
add-car 1471 867
add-car 1471 917
add-car 1471 934
add-station 1375 12 730 768 741 839 832 752 846 741 754 854 829 730
add-station 1491 17 790 848 790 888 750 696 707 775 872 871 676 688 739 849 857 745 906
add-station 1490 18 832 824 686 755 796 889 724 712 825 824 835 722 838 787 729 734 697 793
add-station 1542 16 687 700 786 627 809 705 785 739 739 721 788 772 749 723 833 814
add-station 1867 13 471 465 395 496 483 418 407 406 459 375 467 471 387
add-station 2215 20 195 205 191 189 203 204 186 211 234 229 237 246 203 193 238 212 220 202 216 250
add-station 1888 17 442 480 389 368 475 428 412 472 407 457 357 365 478 479 407 373 447
add-station 491 15 77 74 90 81 75 85 75 82 84 81 71 79 91 84 72
add-station 1344 12 711 758 724 734 804 752 779 694 853 821 662 798
add-station 538 16 77 75 86 73 87 83 90 92 82 83 78 91 74 77 91 80
add-station 1604 12 703 677 638 709 736 624 669 589 641 648 726 638
add-station 321 12 52 65 64 59 57 63 61 54 52 68 57 63
scrap-car 168 34
add-station 1406 13 697 902 678 754 905 802 820 699 700 828 911 895 699
add-station 382 16 66 60 68 72 77 60 69 66 61 64 70 65 64 60 62 67
demolish-station 467
add-station 2122 15 252 227 267 238 224 217 234 233 273 231 240 223 245 243 224
add-station 1760 19 494 535 598 535 494 562 499 513 541 499 502 534 568 467 493 536 574 594 573
add-station 258 13 51 54 50 53 46 48 55 54 53 52 56 46 50
add-station 385 14 75 62 72 60 65 76 65 64 69 60 59 76 71 74
add-station 83 15 29 26 24 30 24 26 29 31 26 26 32 28 31 31 25
add-station 1112 20 549 614 554 490 593 598 588 572 516 595 501 533 553 568 563 602 649 653 572 574
add-station 737 17 102 96 108 102 93 120 95 118 106 94 123 107 114 98 104 111 99
add-station 2238 15 227 211 244 200 198 212 250 207 235 213 218 246 217 231 228
add-station 1385 14 667 685 895 756 882 896 836 714 700 849 890 836 853 711
add-station 2615 12 214 221 188 241 212 246 214 206 194 189 210 242
add-station 969 17 396 389 372 470 433 453 414 446 463 382 424 437 471 386 474 418 452
add-station 28 21 20 21 19 18 22 20 17 19 22 18 19 16 17 19 22 16 21 21 21 18 16
add-station 57 15 24 25 27 24 25 23 21 20 27 20 20 23 22 26 25
add-station 174 18 35 47 42 46 41 47 46 41 40 44 44 44 45 45 46 41 37 42
add-station 918 13 305 351 350 333 349 403 320 398 374 365 366 316 379
add-station 722 18 94 104 91 92 115 90 107 99 110 92 103 89 105 107 112 116 86 98
add-station 1979 15 313 404 329 327 331 354 379 310 379 319 370 356 383 322 356
plan-route 81 2694
add-station 1351 13 715 673 791 728 752 736 802 715 802 795 698 735 800
add-station 801 14 175 182 218 189 173 218 172 194 175 211 191 199 230 205
add-station 2615 18 2655 1254 2845 82 998 2631 2320 2684 638 681 1021 83 1800 2742 2789 1229 2352 721
add-station 742 19 121 108 101 125 117 131 126 108 103 105 117 101 102 109 118 119 118 105 127
add-station 286 17 47 54 55 53 59 53 51 48 56 56 64 60 59 53 61 53 52
demolish-station 2737
add-station 1870 12 375 370 445 443 493 453 497 477 485 441 495 396
add-station 1698 13 625 670 605 584 605 663 667 645 560 668 610 667 595
add-station 2217 20 213 233 239 206 252 232 203 196 224 189 188 187 213 220 189 201 234 242 220 231
add-station 2227 18 197 214 249 252 195 217 206 201 232 238 190 202 197 191 232 201 231 235
add-car 742 110
add-station 898 14 350 285 325 324 295 355 346 299 282 311 316 325 321 298
add-station 1798 21 437 472 549 474 431 520 488 470 434 520 466 465 517 562 474 554 434 492 428 510 526
add-station 812 16 228 248 185 196 210 216 199 239 189 203 190 213 219 246 194 204
add-station 2885 18 38 42 45 38 44 36 41 39 47 43 48 46 42 44 37 37 39 43
add-station 2025 20 367 341 285 284 275 283 366 353 350 286 324 317 296 362 316 323 330 308 322 317
add-station 902 0
add-car 902 291
add-car 902 349
add-car 902 321
add-car 902 293
add-car 902 364
add-car 902 374
add-car 902 318
add-car 902 327
add-car 902 383
add-car 902 336
add-car 902 385
add-car 902 383
add-car 902 352
add-station 2723 21 179 175 143 175 159 145 186 168 187 176 165 187 183 147 173 171 146 175 143 175 146
add-station 1593 14 760 590 756 636 731 663 650 682 635 700 637 770 781 743
add-car 2916 31
add-car 2928 5
add-car 57 29
add-car 28 29
add-car 2867 74
plan-route 2718 258
