add-station 2185 24 1434 1442 1239 1502 1255 1370 1464 1424 1346 1335 1234 1534 1427 1308 1569 1333 1240 1225 1300 1509 1199 1524 1397 1338
add-station 3625 0
add-car 3625 855
add-car 3625 880
add-car 3625 825
add-car 3625 1046
add-car 3625 1041
add-car 3625 825
add-car 3625 801
add-car 3625 939
add-car 3625 799
add-car 3625 1002
add-car 3625 959
add-car 3625 819
add-car 3625 900
add-car 3625 827
add-car 3625 884
add-car 3625 812
add-car 3625 977
add-car 3625 901
add-car 3625 820
add-car 3625 837
add-car 3625 816
add-car 3625 972
add-car 3625 942
add-car 3625 849
add-car 3625 820
add-station 6238 22 169 156 163 148 160 165 150 174 173 180 182 145 151 160 182 178 149 160 158 158 161 170
add-station 3466 20 800 959 803 1042 851 890 1012 915 1053 977 891 1002 802 852 866 1008 880 804 916 826
add-station 2033 32 1369 1328 1250 1552 1451 1436 1437 1372 1450 1312 1598 1434 1404 1576 1426 1545 1511 1555 1437 1648 1476 1616 1408 1371 1544 1337 1536 1473 1450 1270 1461 1246
plan-route 6238 2033
add-station 4606 22 1044 882 1013 830 899 1007 878 848 1093 1056 879 973 813 827 929 866 818 831 996 969 987 919
scrap-car 2051 1030
add-station 4103 29 845 1030 975 1093 914 911 1071 1010 1024 868 882 850 932 904 979 1043 861 1055 1046 940 1114 1098 1012 894 982 1109 1034 941 1105
add-station 1883 33 1536 1492 1365 1351 1561 1565 1569 1719 1636 1622 1550 1518 1611 1417 1507 1370 1572 1694 1568 1361 1480 1297 1437 1375 1576 1562 1357 1635 1276 1705 1547 1415 1497
add-station 3068 25 1003 1089 1082 1169 1015 1107 1196 925 1111 1185 966 1047 1189 1006 1192 1128 1178 931 1098 949 1118 974 998 1138 1109
add-station 2658 0
add-car 2658 1271
add-car 2658 1221
add-car 2658 1287
add-car 2658 1318
add-car 2658 1322
add-car 2658 1381
add-car 2658 1374
add-car 2658 1348
add-car 2658 1126
add-car 2658 1221
add-car 2658 1025
add-car 2658 1241
add-car 2658 1233
add-car 2658 1136
add-car 2658 1133
add-car 2658 1026
add-car 2658 1270
add-car 2658 1195
add-car 2658 1045
add-car 2658 1280
add-car 2658 1189
add-car 2658 1369
add-car 2658 1200
add-car 2658 1086
add-station 6661 33 30 37 38 36 37 30 38 32 29 36 36 38 34 34 28 32 30 29 31 30 31 33 29 31 35 34 28 32 36 32 35 34 32
add-station 222 28 628 684 675 688 641 637 585 629 565 603 686 737 619 622 606 591 677 585 594 690 699 649 648 696 638 571 706 685
add-car 3068 1111
add-station 5251 30 956 912 897 720 831 800 785 716 825 897 815 961 800 747 909 756 805 934 836 947 759 822 901 846 913 741 931 716 842 949
add-station 3025 22 1110 945 1142 937 1229 1211 1173 1065 942 1046 1104 1149 944 1207 1078 1184 1061 1151 1081 1142 942 1128
add-station 5231 32 928 715 855 922 827 812 791 891 773 910 866 873 797 750 948 824 888 887 827 731 927 861 738 812 943 870 811 790 910 842 903 886
add-station 2354 29 1142 1311 1496 1345 1379 1427 1358 1272 1181 1484 1227 1430 1301 1230 1415 1262 1255 1316 1218 1509 1223 1386 1317 1174 1451 1467 1288 1507 1119
add-station 789 29 1044 936 1067 898 1195 1083 1204 975 917 1010 1183 929 1021 957 999 1205 962 1200 1093 1176 1067 1157 1123 1127 1123 1130 1056 998 941
scrap-car 2185 1509
plan-route 6661 222
add-station 1271 27 1202 1474 1460 1144 1295 1195 1322 1428 1172 1145 1480 1522 1317 1326 1194 1388 1202 1412 1165 1185 1245 1303 1296 1394 1209 1459 1362
add-station 1008 29 1315 1111 1098 1338 1029 1128 1184 1203 1101 1297 1015 1101 1312 1022 1230 1309 1153 1323 1187 1113 1184 1284 1262 1164 1146 1183 1302 1113 1364
scrap-car 1271 1144
add-station 2829 24 1238 1084 1122 1029 1290 1266 1044 1095 1296 1235 1060 1233 1314 1000 1070 1024 1303 1028 1244 1304 976 1143 1158 991
add-station 441 22 757 725 844 836 910 801 817 727 935 783 929 866 919 707 778 785 770 698 781 871 750 902
add-station 1471 20 1268 1623 1581 1366 1372 1613 1619 1256 1505 1302 1260 1500 1349 1262 1557 1392 1435 1639 1493 1627
add-station 3534 28 1004 827 974 899 1012 898 942 965 790 810 964 861 823 888 814 902 898 948 807 847 800 793 875 1045 868 1043 819 1022
add-station 2968 23 1081 1210 939 1253 986 1026 1165 1057 1212 1123 973 1167 1083 1089 1003 930 1152 1169 1199 1114 1183 1186 990
add-station 3361 25 984 946 844 921 916 869 1076 940 819 1075 906 1009 956 973 1018 936 837 1022 824 958 854 1074 993 887 1004
add-station 589 0
add-car 589 1026
add-car 589 820
add-car 589 989
add-car 589 911
add-car 589 791
add-car 589 990
add-car 589 994
add-car 589 790
add-car 589 1052
add-car 589 1009
add-car 589 1061
add-car 589 883
add-car 589 815
add-car 589 838
add-car 589 858
add-car 589 791
add-car 589 795
add-car 589 813
add-car 589 850
add-car 589 998
add-car 589 1052
add-car 589 992
add-car 589 1046
add-car 589 1027
add-car 589 828
add-car 589 1000
add-car 589 819
add-car 589 1009
add-car 589 1004
add-car 589 982
add-car 589 922
add-car 589 845
add-car 589 907
add-station 2300 26 1295 1382 1221 1368 1232 1531 1342 1534 1534 1504 1137 1358 1206 1369 1141 1500 1328 1169 1329 1526 1508 1381 1205 1467 1367 1401
add-station 834 23 1158 1092 997 1245 988 1212 1193 960 1119 982 1023 1052 1207 1085 1072 1178 1015 1022 1155 1194 950 1106 1059
add-station 1901 30 1656 1475 1276 1363 1538 1554 1648 1612 1662 1449 1680 1648 1338 1708 1380 1330 1394 1342 1499 1505 1295 1483 1492 1668 1684 1594 1555 1503 1425 1302
add-station 6808 24 11 12 12 11 11 9 12 9 11 10 10 12 9 9 12 9 12 10 10 11 10 11 11 12
add-station 2459 31 1191 1410 1209 1185 1244 1241 1317 1277 1458 1427 1369 1306 1131 1108 1434 1229 1185 1401 1298 1198 1247 1172 1222 1353 1434 1119 1088 1237 1406 1143 1407
add-station 2183 31 1451 1335 1329 1531 1311 1500 1577 1477 1418 1269 1285 1442 1508 1330 1506 1358 1233 1259 1420 1298 1527 1396 1210 1341 1447 1351 1298 1293 1444 1204 1511
add-station 3559 32 974 968 907 922 963 1011 976 1027 990 992 979 930 951 992 1051 828 800 955 1030 1010 888 1023 873 1032 1040 999 943 958 1041 803 929 935
add-station 6702 29 25 27 26 22 25 26 23 29 25 23 25 24 29 25 26 27 28 27 29 23 29 28 26 22 23 23 27 27 24
add-station 2400 31 1421 1388 1161 1293 1227 1119 1219 1199 1258 1249 1105 1406 1404 1310 1475 1405 1246 1150 1447 1260 1340 1162 1293 1306 1348 1211 1299 1291 1392 1270 1303
add-station 1120 25 1241 1094 1318 1084 1213 1434 1371 1097 1081 1418 1094 1191 1123 1198 1131 1254 1262 1436 1219 1385 1093 1086 1107 1237 1374
demolish-station 3361
add-station 1233 25 1469 1332 1171 1238 1422 1233 1315 1483 1226 1168 1268 1328 1209 1478 1436 1405 1393 1194 1462 1231 1144 1268 1392 1447 1205
add-station 5401 21 761 809 801 748 619 648 663 717 754 722 769 629 616 662 683 706 807 768 784 683 692
scrap-car 5248 221
add-station 411 33 834 880 692 793 908 681 876 696 807 863 805 913 688 885 756 766 711 799 748 699 819 725 678 766 843 683 861 774 801 817 877 824 690
scrap-car 2354 1255
add-station 6617 20 39 42 41 40 45 35 35 36 35 37 38 38 46 36 43 47 37 44 48 42
add-car 3025 950
add-station 2510 23 1285 1120 1208 1156 1157 1288 1359 1188 1129 1251 1373 1183 1246 1123 1119 1070 1216 1299 1278 1314 1076 1397 1198
add-station 725 24 958 903 1122 1021 892 1073 1001 900 1020 1054 900 894 1007 974 997 927 1030 901 933 869 1139 1087 1061 1005
add-station 5545 26 503 530 588 548 670 667 527 608 659 497 630 584 619 659 656 570 577 653 654 614 619 497 650 521 551 536
add-station 5581 24 474 492 531 541 505 593 573 494 617 570 596 613 499 502 586 588 502 628 541 528 576 488 505 581
demolish-station 1155
add-station 2858 23 1114 1221 1274 1246 1123 1140 1200 1281 1245 1235 1090 998 1219 989 1015 1169 1252 969 965 990 1127 1303 1077
scrap-car 2354 1301
add-station 4537 21 892 879 881 857 1080 907 1096 1006 995 885 1021 1058 1007 850 822 841 856 823 839 838 1067
scrap-car 441 866
scrap-car 2829 1029
add-station 3409 32 1051 932 862 940 899 1007 935 874 892 899 1061 1045 1059 1061 973 811 970 952 1013 971 899 1058 960 901 819 1080 1010 987 915 872 1028 1027
scrap-car 441 757
add-station 2504 29 1432 1324 1360 1292 1425 1305 1169 1240 1248 1436 1398 1170 1105 1232 1217 1426 1076 1082 1247 1339 1220 1298 1284 1190 1210 1293 1293 1144 1132
add-station 3065 20 1043 1070 1015 1083 1051 1157 1089 940 954 1216 937 1102 937 989 1135 1164 1145 948 1004 1035
demolish-station 2183
plan-route 5401 725
add-station 356 24 776 749 652 700 736 828 765 838 827 733 830 836 863 720 828 663 798 656 724 862 654 689 660 708
add-station 4196 33 1088 835 1029 1045 894 949 911 873 959 957 976 967 1048 943 1078 1106 875 887 962 960 978 1111 832 889 935 1100 905 870 1074 875 957 916 838
add-station 4458 30 899 923 879 1076 856 878 1095 1022 1096 832 1094 1026 1096 914 1096 1038 869 1042 1107 1077 821 955 940 1076 965 1092 1021 1064 980 888
add-station 4356 24 1048 829 916 832 865 930 842 945 1076 897 1096 1065 1078 838 832 932 999 960 1084 973 878 1109 1100 836
add-station 2324 31 1353 1245 1355 1355 1433 1186 1255 1173 1361 1309 1312 1397 1343 1190 1147 1440 1414 1470 1480 1169 1427 1315 1237 1343 1200 1227 1389 1403 1129 1148 1147
add-station 6228 24 159 157 166 157 142 181 160 179 161 166 185 175 172 153 148 179 170 166 183 185 185 182 147 180
scrap-car 2300 1329
demolish-station 1155
add-car 222 635
add-station 3724 22 1034 953 973 1061 948 894 1037 1079 1022 886 873 963 1071 965 847 1049 925 974 816 805 956 930
add-station 657 30 856 1001 1032 1022 849 1037 873 970 889 1102 873 831 850 951 865 936 954 861 925 1065 1006 1013 1110 1075 963 901 835 1030 856 1078
add-station 3314 23 1105 1100 1047 933 1118 1037 856 918 871 1069 1121 869 980 1014 970 1026 1049 878 1061 981 901 970 1068
add-station 1028 28 1268 1188 1222 1369 1095 1376 1286 1088 1225 1270 1287 1087 1279 1056 1309 1131 1326 1158 1323 1252 1342 1048 1112 1118 1372 1153 1247 1184
add-station 6314 33 126 130 148 128 143 124 126 133 140 144 128 147 112 120 139 113 115 113 142 141 148 119 143 118 121 112 114 149 132 115 122 134 116
add-station 3238 23 1123 959 927 979 939 957 1087 1090 983 909 1014 1004 1122 1130 1040 1034 1099 1005 1036 979 974 1034 1032
scrap-car 3534 868
demolish-station 2504
plan-route 6314 834
add-station 843 22 1221 1148 1062 928 1071 1217 1123 990 1078 1185 958 1033 1029 1163 1139 1013 1205 962 1195 1059 1245 1119
add-station 5522 0
add-car 5522 669
add-car 5522 665
add-car 5522 571
add-car 5522 515
add-car 5522 650
add-car 5522 561
add-car 5522 568
add-car 5522 661
add-car 5522 570
add-car 5522 617
add-car 5522 562
add-car 5522 607
add-car 5522 630
add-car 5522 541
add-car 5522 545
add-car 5522 616
add-car 5522 592
add-car 5522 607
add-car 5522 606
add-car 5522 599
add-car 5522 665
add-car 5522 549
add-car 5522 653
add-car 5522 587
add-car 5522 637
add-car 5522 645
add-car 5522 580
add-car 5522 672
add-car 5522 597
add-car 5522 565
add-car 5522 590
add-station 2564 29 1297 1111 1421 1307 1342 1384 1216 1370 1151 1392 1175 1280 1137 1243 1261 1243 1378 1140 1127 1299 1198 1300 1115 1143 1090 1062 1405 1349 1069
add-station 4981 33 955 1026 958 814 806 914 1024 1016 1022 1023 978 774 945 1026 911 922 777 868 844 903 916 889 975 892 832 846 843 812 1000 804 942 1014 800
add-station 2848 26 1163 1298 994 1306 1117 1178 1019 1170 1166 1285 1000 1159 1245 1067 1119 1139 1068 1289 1091 1101 1058 1051 1153 1114 1119 1177
add-station 644 26 1089 989 1013 1036 969 1084 900 996 817 1072 996 936 1083 859 1059 996 858 846 845 906 883 833 958 937 893 1039
add-station 4180 30 980 925 925 1115 1032 987 986 1089 973 876 919 1104 1112 902 858 954 875 971 1082 858 908 925 1004 1093 998 855 1024 1081 941 997
add-station 805 31 1206 1102 987 1091 1116 1073 1026 1171 1107 1175 922 1123 1142 918 1216 1125 1111 1092 937 1003 1171 1168 1199 1165 973 1102 1023 1086 1005 917 1213
add-car 6236 5066
add-station 1270 30 1167 1186 1449 1206 1298 1509 1510 1240 1341 1221 1377 1186 1489 1478 1478 1322 1449 1500 1340 1246 1436 1340 1346 1515 1272 1406 1235 1174 1334 1481
add-station 4295 30 981 1094 1058 965 1098 1053 1056 1008 932 972 899 1110 989 873 1047 1031 886 1077 927 924 891 874 1098 959 1002 932 947 1080 889 1009
add-station 3070 20 1067 902 1037 1071 950 935 916 1198 1031 971 1192 1104 1055 1183 980 906 1056 980 1090 916
add-station 5884 24 365 341 356 376 352 373 355 381 306 317 378 339 312 332 363 308 368 341 379 367 366 390 355 338
add-station 1020 0
add-car 1020 1332
add-car 1020 1347
add-car 1020 1298
add-car 1020 1218
add-car 1020 1084
add-car 1020 1258
add-car 1020 1362
add-car 1020 1301
add-car 1020 1085
add-car 1020 1065
add-car 1020 1221
add-car 1020 1202
add-car 1020 1141
add-car 1020 1054
add-car 1020 1035
add-car 1020 1195
add-car 1020 1223
add-car 1020 1342
add-car 1020 1246
add-car 1020 1293
add-car 1020 1043
add-car 1020 1138
add-car 1020 1277
add-car 1020 1145
add-car 1020 1336
add-car 1020 1304
add-car 1020 1042
add-car 1020 1320
add-car 1020 1375
add-station 1484 27 1249 1597 1594 1232 1422 1645 1338 1413 1559 1442 1538 1389 1254 1519 1568 1582 1323 1524 1369 1286 1416 1529 1275 1533 1600 1395 1354
add-station 356 29 1047 3439 5877 4885 898 2087 341 6273 6895 741 2772 5026 5394 1810 1978 3934 1049 1549 5261 89 3359 3414 5937 602 5513 3444 3841 5607 6459
add-station 5549 31 644 540 565 591 530 566 645 663 612 571 503 545 571 567 536 555 511 659 649 625 554 622 552 523 532 619 653 497 572 626 587
add-station 2158 28 1313 1199 1231 1420 1300 1194 1465 1343 1196 1595 1368 1392 1484 1446 1542 1490 1361 1227 1498 1452 1390 1300 1377 1228 1255 1429 1460 1387
add-station 3751 24 850 898 971 1090 858 958 928 934 1079 1043 876 1076 853 900 817 1032 1064 973 1037 1058 1028 832 1066 897
add-station 156 26 542 680 581 643 624 528 581 559 516 610 664 666 645 635 690 667 532 543 634 628 531 569 572 519 518 545
add-station 1104 32 1233 1381 1352 1345 1265 1195 1371 1112 1290 1416 1201 1307 1142 1307 1111 1311 1412 1338 1324 1212 1170 1243 1296 1113 1113 1306 1081 1413 1077 1355 1288 1196
add-station 3965 24 831 845 1046 1105 980 957 1002 1043 983 958 1054 900 1086 988 884 1015 847 958 966 1053 1012 1012 1027 1094
add-car 5522 640
add-station 4774 0
add-car 4774 874
add-car 4774 952
add-car 4774 1040
add-car 4774 850
add-car 4774 877
add-car 4774 1037
add-car 4774 796
add-car 4774 841
add-car 4774 814
add-car 4774 897
add-car 4774 833
add-car 4774 1014
add-car 4774 793
add-car 4774 800
add-car 4774 978
add-car 4774 979
add-car 4774 883
add-car 4774 803
add-car 4774 919
add-car 4774 1027
add-car 4774 796
add-car 4774 993
demolish-station 6701
add-station 6208 20 196 165 155 182 173 177 155 160 179 179 200 174 156 186 178 175 196 173 151 153
add-station 5061 28 885 896 909 760 863 857 1010 984 817 760 904 950 978 857 772 902 785 1006 957 873 813 798 965 765 832 953 878 991
add-station 2374 28 1142 1473 1388 1239 1334 1249 1406 1250 1496 1150 1334 1388 1444 1458 1403 1261 1486 1481 1487 1340 1276 1132 1485 1494 1393 1472 1367 1457
add-station 1608 22 1378 1395 1557 1495 1341 1401 1324 1628 1701 1439 1286 1491 1413 1420 1658 1611 1696 1363 1375 1597 1619 1351
add-station 3410 24 897 824 940 845 847 961 1035 905 885 807 1059 860 979 883 1044 1082 939 992 872 900 983 893 907 925
add-station 2479 28 1435 1292 1191 1355 1286 1084 1205 1357 1301 1122 1310 1286 1147 1100 1325 1208 1357 1127 1250 1118 1150 1108 1084 1127 1377 1197 1360 1090
add-station 5323 26 677 778 770 720 797 792 887 711 875 856 862 818 750 888 781 812 853 764 703 875 819 808 843 683 888 885
demolish-station 3025
add-station 1363 23 1216 1208 1183 1191 1402 1323 1475 1276 1329 1559 1505 1365 1360 1205 1372 1226 1502 1469 1454 1241 1299 1530 1360
add-station 5685 20 459 521 457 433 456 419 428 463 455 419 464 463 433 483 463 539 489 470 518 443
add-station 3685 20 806 856 927 1022 898 819 1038 847 967 984 1033 1014 938 977 911 954 1079 897 881 840
add-station 4674 0
add-car 4674 983
add-car 4674 977
add-car 4674 1012
add-car 4674 914
add-car 4674 972
add-car 4674 923
add-car 4674 861
add-car 4674 1059
add-car 4674 821
add-car 4674 1016
add-car 4674 1034
add-car 4674 1055
add-car 4674 896
add-car 4674 912
add-car 4674 829
add-car 4674 1025
add-car 4674 954
add-car 4674 1056
add-car 4674 993
add-car 4674 1023
add-station 3753 30 996 1020 869 880 847 899 1066 897 1060 1089 957 1035 947 923 842 1050 1059 997 817 998 970 1008 836 918 1077 876 826 938 1032 1007
add-station 1406 27 1449 1203 1293 1419 1434 1360 1404 1299 1555 1494 1257 1367 1399 1267 1604 1374 1342 1278 1205 1334 1397 1281 1413 1530 1362 1208 1456
add-station 4005 0
add-car 4005 983
add-car 4005 1038
add-car 4005 854
add-car 4005 975
add-car 4005 1002
add-car 4005 1099
add-car 4005 1046
add-car 4005 957
add-car 4005 903
add-car 4005 993
add-car 4005 1042
add-car 4005 876
add-car 4005 928
add-car 4005 1013
add-car 4005 968
add-car 4005 1033
add-car 4005 851
add-car 4005 910
add-car 4005 1102
add-car 4005 831
add-car 4005 1026
add-car 4005 1077
add-car 4005 870
add-car 4005 855
add-station 6499 29 66 78 74 65 64 81 68 64 65 60 80 66 66 64 79 77 71 62 70 74 74 60 72 65 79 75 60 77 81
add-car 1406 1508
add-station 2591 24 1137 1370 1130 1147 1373 1189 1117 1309 1114 1164 1127 1365 1052 1358 1336 1390 1201 1156 1142 1374 1271 1383 1394 1107
demolish-station 3069
add-station 3810 31 880 866 964 1067 988 1038 1088 944 1082 983 1077 958 939 854 939 1022 824 863 824 1054 1067 895 903 881 973 842 856 840 944 1055 947
demolish-station 5390
add-station 4811 27 894 1020 1016 967 803 919 1018 793 835 809 901 800 1040 839 1015 1027 890 980 860 824 1022 948 875 920 848 890 791
scrap-car 6314 114
add-station 3117 30 994 1036 974 995 889 1168 1120 1156 1109 934 1055 913 1137 926 1007 942 1039 1033 933 915 998 992 1195 902 935 1008 1136 996 1116 898
add-station 1139 20 1377 1077 1369 1440 1431 1354 1318 1106 1184 1141 1204 1182 1425 1424 1358 1178 1190 1164 1190 1204
add-station 6907 24 3 3 2 3 3 3 3 2 3 2 3 2 3 2 3 2 2 2 3 2 3 3 2 3
add-station 2163 23 1478 1227 1190 1368 1240 1537 1573 1203 1488 1203 1320 1547 1480 1302 1440 1352 1379 1377 1429 1374 1245 1584 1592
scrap-car 2749 1581
add-station 6448 32 89 98 79 81 82 96 87 96 90 80 81 96 88 93 74 98 84 73 92 83 84 95 96 77 88 77 82 73 98 80 87 87
add-station 1815 28 1559 1477 1543 1639 1345 1671 1453 1520 1411 1751 1380 1602 1532 1569 1447 1544 1346 1454 1442 1496 1539 1625 1599 1514 1631 1481 1471 1296
add-station 6406 30 110 91 93 108 99 86 104 108 92 100 89 98 108 92 114 114 106 90 108 113 95 108 85 107 92 99 96 84 111 90
add-station 1156 21 1154 1244 1093 1179 1374 1299 1103 1166 1142 1362 1096 1159 1388 1382 1108 1091 1342 1186 1427 1285 1351
add-station 708 21 1071 960 977 1051 1012 865 860 855 1114 949 1001 880 1134 983 1070 1153 1075 912 1088 864 861
add-station 3132 23 964 980 1187 1154 1080 889 915 1034 1148 1184 1161 1170 1053 921 1004 1121 988 1186 950 1146 1157 1058 916
add-station 1282 27 1196 1415 1376 1257 1269 1159 1290 1514 1190 1308 1279 1496 1421 1295 1228 1515 1474 1231 1381 1311 1522 1520 1235 1444 1143 1285 1201
add-station 3379 21 975 877 898 890 852 927 937 1011 910 918 929 931 957 1055 1071 1061 1077 928 1094 1003 859
add-station 149 28 524 629 511 611 574 569 542 663 608 584 541 600 623 511 556 683 516 681 669 533 673 511 584 637 505 513 681 541
add-station 6388 24 112 109 94 98 110 91 92 105 92 120 109 97 119 102 93 118 119 107 90 107 101 100 115 100
add-station 5821 29 416 440 355 397 426 379 430 378 366 331 366 403 368 373 398 341 421 348 394 340 346 421 375 406 369 366 328 428 433
add-station 568 31 860 879 950 979 871 903 966 894 1044 1034 902 949 932 840 937 919 992 791 970 807 930 890 911 850 936 788 886 831 861 895 810
add-car 3724 866
add-station 3757 32 959 987 854 872 1065 1083 913 898 979 933 1036 920 916 962 1061 849 957 979 852 1036 933 931 987 857 1040 1001 838 1057 845 1002 1019 1014
demolish-station 149
add-station 2643 27 1095 1065 1313 1326 1330 1361 1195 1267 1030 1080 1179 1159 1041 1372 1073 1232 1319 1166 1364 1072 1382 1216 1214 1269 1203 1134 1114
add-station 290 27 688 809 686 769 763 630 778 697 768 653 687 621 764 796 805 764 747 644 768 655 688 709 714 663 619 616 798
plan-route 411 6702
add-station 529 27 1010 783 843 839 859 798 962 851 889 955 875 886 867 822 775 804 839 851 897 864 885 820 954 772 815 907 908
add-station 5953 31 294 311 344 316 270 324 284 283 338 339 335 327 273 281 321 282 295 292 266 290 292 319 329 335 315 304 328 283 290 299 265
add-station 5508 24 677 588 617 604 681 543 679 632 651 705 671 626 546 671 579 547 573 631 657 573 591 583 685 521
add-station 4031 28 899 985 1002 1065 874 912 1023 990 890 1010 901 1108 985 1057 824 1097 899 1043 929 1049 824 1091 976 1095 984 900 956 934
add-station 6367 24 112 97 129 112 111 105 111 115 109 117 120 111 96 96 112 106 98 95 112 122 106 101 123 122
add-station 4458 21 5658 2922 4600 1601 6746 6906 756 2006 3686 2160 3085 2253 4431 4862 1210 4232 4177 2540 431 2705 6318
add-station 4971 29 892 884 1028 869 902 959 792 995 885 992 978 866 981 796 992 858 764 775 784 885 789 785 807 865 1026 990 795 984 992
add-station 149 25 560 602 519 649 609 559 591 523 516 648 537 605 636 579 515 679 660 555 561 584 619 655 542 529 558
add-station 3509 0
add-car 3509 994
add-car 3509 852
add-car 3509 888
add-car 3509 959
add-car 3509 932
add-car 3509 883
add-car 3509 888
add-car 3509 949
add-car 3509 901
add-car 3509 1047
add-car 3509 794
add-car 3509 802
add-car 3509 925
add-car 3509 1034
add-car 3509 878
add-car 3509 861
add-car 3509 931
add-car 3509 895
add-car 3509 910
add-car 3509 1014
add-car 3509 883
add-car 3509 897
add-car 3509 797
add-car 3509 890
add-car 3509 940
add-station 6689 23 24 29 25 27 23 32 30 32 25 24 29 29 29 32 24 27 29 32 23 24 26 23 26
add-station 469 25 936 715 910 819 956 806 850 785 823 752 729 863 728 959 844 825 772 733 964 899 784 863 794 751 886
add-station 3557 27 947 900 942 1014 1033 971 899 894 805 906 969 932 1056 1020 1054 989 987 984 865 936 1044 922 954 957 928 921 1007
add-station 1128 25 1360 1198 1315 1337 1360 1227 1152 1434 1346 1409 1264 1115 1122 1278 1379 1174 1166 1344 1090 1285 1232 1229 1327 1078 1205
add-station 6232 28 140 140 139 140 140 175 167 150 158 172 174 171 147 166 144 140 173 158 164 182 162 187 145 187 154 178 187 169
add-station 5208 30 814 806 869 812 793 901 941 914 849 874 779 956 874 788 799 736 855 791 959 760 970 824 839 745 904 762 730 742 852 738
add-station 6160 30 210 167 170 198 200 200 202 221 170 210 214 186 187 192 212 206 179 181 221 180 211 222 189 209 175 223 202 178 198 224
add-station 2192 32 1386 1488 1177 1489 1254 1190 1463 1476 1240 1260 1191 1187 1198 1330 1351 1279 1211 1469 1356 1441 1477 1469 1232 1353 1571 1203 1240 1285 1316 1348 1227 1554
add-car 1901 1348
add-station 1245 32 1133 1330 1391 1468 1363 1470 1244 1409 1167 1187 1494 1307 1358 1305 1363 1288 1459 1264 1413 1148 1365 1411 1418 1197 1205 1492 1462 1365 1359 1222 1339 1196
add-station 4297 22 1028 1050 907 1101 903 1073 920 855 1034 891 1043 1057 975 979 879 845 1026 946 906 880 845 1002
add-station 3717 31 967 972 831 850 1070 1043 934 884 842 1044 1043 819 915 900 855 961 998 822 883 971 873 1035 1075 890 886 890 1050 972 960 811 938
add-station 3189 27 1008 905 1140 888 1143 1115 1082 920 867 897 1167 1041 1132 884 1169 901 998 916 911 892 1050 1048 903 906 1023 1101 1128
add-station 3483 30 967 1040 948 1058 1044 978 903 1032 822 984 947 902 963 824 876 1010 988 983 811 889 1016 911 915 938 794 825 821 898 810 1049
add-station 3525 32 882 853 983 990 963 952 809 858 809 1022 961 850 855 954 888 950 1035 905 995 814 966 900 945 1032 1009 852 919 979 838 927 924 983
add-station 6661 25 1804 1544 4781 1175 6502 1583 767 3554 5401 2538 4239 1841 3480 1145 1986 6055 2297 886 3437 1838 5802 4035 6456 6305 3950
add-station 5919 32 344 298 347 281 330 294 326 299 288 320 275 286 346 366 360 362 327 344 348 302 275 348 317 370 288 289 292 275 277 296 354 311
add-station 511 20 926 942 951 806 953 820 849 915 933 938 809 745 888 976 770 854 875 861 916 865
add-station 5311 24 746 860 869 766 781 749 867 891 772 770 761 772 714 760 776 816 734 841 875 709 720 753 712 873
add-station 5022 26 823 806 784 824 932 794 1004 1004 982 973 987 1023 950 1017 965 828 955 826 771 794 798 931 1014 942 923 903
add-station 1075 32 1318 1295 1387 1381 1163 1280 1069 1115 1092 1390 1370 1405 1358 1101 1114 1233 1144 1342 1225 1156 1115 1071 1279 1407 1281 1175 1261 1053 1128 1138 1276 1352
add-station 1956 29 1283 1274 1612 1405 1672 1260 1489 1529 1282 1459 1404 1263 1642 1331 1527 1628 1622 1378 1403 1414 1331 1676 1542 1351 1524 1568 1456 1324 1659
demolish-station 2479
add-car 3559 1004
add-station 3690 25 1053 1079 1039 805 972 931 940 842 1031 1005 904 1050 1008 811 881 1072 913 934 912 874 922 993 1027 1049 1059
add-station 1594 29 1479 1477 1557 1327 1534 1375 1401 1365 1682 1271 1591 1533 1288 1520 1265 1465 1433 1460 1353 1331 1519 1554 1677 1664 1553 1335 1335 1314 1341
add-station 7006 33 1 1 0 1 1 0 1 1 0 1 1 1 0 1 1 0 1 1 0 0 0 1 1 1 0 1 1 0 1 1 1 1 0
add-station 3407 24 963 833 1001 924 1029 851 1082 1078 900 944 1066 1053 1071 1087 1029 943 1011 1048 884 931 804 992 954 889
add-station 2560 26 1372 1330 1245 1257 1162 1131 1247 1152 1327 1376 1423 1427 1223 1110 1371 1195 1384 1278 1387 1390 1377 1100 1311 1374 1062 1323
add-station 4124 23 932 837 958 1086 1071 958 1064 905 1012 846 886 943 922 1054 837 875 919 1099 863 1078 839 983 828
add-station 42 29 574 581 442 466 539 449 492 549 468 465 520 535 567 446 545 511 438 583 496 480 527 563 495 456 490 477 449 481 458
add-car 6907 2
add-station 1393 23 1185 1279 1484 1360 1470 1198 1543 1292 1579 1218 1364 1359 1275 1250 1331 1192 1407 1568 1309 1203 1218 1588 1468
add-station 5143 28 967 975 895 798 936 901 798 879 952 736 932 978 908 808 851 960 918 864 875 934 976 898 916 894 900 957 947 784
add-station 5955 23 298 287 268 275 308 275 335 336 295 280 321 304 347 302 297 269 306 298 291 341 327 281 293
add-station 2191 0
add-car 2191 1504
add-car 2191 1360
add-car 2191 1426
add-car 2191 1505
add-car 2191 1343
add-car 2191 1338
add-car 2191 1246
add-car 2191 1401
add-car 2191 1424
add-car 2191 1192
add-car 2191 1456
add-car 2191 1383
add-car 2191 1436
add-car 2191 1368
add-car 2191 1340
add-car 2191 1391
add-car 2191 1371
add-car 2191 1397
add-car 2191 1172
add-car 2191 1330
add-car 2191 1319
add-car 2191 1371
add-car 2191 1329
add-car 2191 1480
add-car 2191 1428
add-car 2191 1194
add-car 2191 1455
add-car 2191 1390
add-car 2191 1481
add-car 2191 1391
add-car 2191 1525
add-car 2191 1247
add-car 2191 1220
add-station 6983 0
add-car 6983 1
add-car 6983 1
add-car 6983 1
add-car 6983 1
add-car 6983 1
add-car 6983 1
add-car 6983 0
add-car 6983 1
add-car 6983 1
add-car 6983 1
add-car 6983 1
add-car 6983 0
add-car 6983 0
add-car 6983 0
add-car 6983 1
add-car 6983 1
add-car 6983 1
add-car 6983 1
add-car 6983 0
add-car 6983 1
add-car 6983 0
add-car 6983 1
add-car 6983 1
add-car 6983 0
add-car 6983 1
add-car 6983 1
add-car 6983 0
add-car 6983 0
add-station 1069 30 1179 1279 1331 1236 1371 1285 1103 1300 1142 1219 1092 1374 1196 1364 1278 1248 1181 1267 1243 1275 1351 1165 1305 1148 1216 1092 1107 1098 1193 1082
add-station 1845 26 1313 1286 1628 1729 1383 1603 1499 1427 1643 1735 1372 1516 1541 1694 1334 1654 1509 1705 1526 1493 1293 1340 1285 1665 1300 1418
add-station 821 31 933 969 956 1122 1023 1210 1049 1001 950 1194 1145 931 1219 993 1125 1158 1061 1150 975 948 1233 1204 1202 1177 918 1050 947 944 1211 1055 1007
add-station 1843 22 1544 1551 1568 1459 1438 1337 1708 1309 1403 1550 1458 1406 1707 1340 1397 1447 1384 1591 1615 1532 1630 1531
add-station 3852 32 1022 1017 966 871 1091 889 947 834 848 1038 1001 999 891 1037 907 824 907 1060 957 1062 818 986 882 848 992 833 1062 1036 906 1096 960 1068
scrap-car 4124 1085
add-station 185 33 711 529 614 638 614 536 716 661 588 681 641 636 687 707 560 666 642 592 539 682 584 669 684 573 676 542 544 647 684 533 694 622 662
add-station 6541 29 66 62 56 62 63 68 62 53 55 60 52 50 61 62 56 62 61 66 56 68 50 61 59 64 52 66 51 62 58
add-station 3292 28 905 859 949 1106 978 1038 1056 995 877 1028 848 1128 1006 1019 949 859 894 1067 927 1116 980 1004 987 855 1052 1020 903 1092
add-station 3315 0
add-car 3315 836
add-car 3315 1109
add-car 3315 829
add-car 3315 913
add-car 3315 985
add-car 3315 923
add-car 3315 1016
add-car 3315 966
add-car 3315 897
add-car 3315 844
add-car 3315 890
add-car 3315 858
add-car 3315 894
add-car 3315 988
add-car 3315 1061
add-car 3315 837
add-car 3315 844
add-car 3315 953
add-car 3315 1088
add-car 3315 982
add-car 3315 1112
add-car 3315 896
add-station 946 31 1232 1172 1032 1040 1103 1148 1231 1120 1055 1160 1187 1266 1271 1136 1108 1160 1082 1070 1156 1200 1264 1181 1064 1128 1266 1320 1313 1274 1254 1068 1253
add-station 4516 31 948 878 845 972 861 866 1037 987 854 1024 904 936 847 817 939 865 1001 978 1078 999 817 827 910 963 1022 1057 860 889 860 892 1089
add-station 5447 21 691 569 580 716 634 726 611 734 755 637 627 709 664 703 635 715 678 761 607 726 578
add-station 1118 30 1151 1063 1167 1304 1424 1205 1408 1300 1074 1251 1394 1152 1370 1338 1401 1103 1342 1366 1405 1126 1396 1271 1071 1336 1268 1220 1345 1307 1087 1136
add-station 3946 28 901 978 1021 1061 844 1047 985 869 1076 932 980 965 1024 920 828 1074 1029 943 1062 855 871 1103 996 880 835 1075 1060 898
add-station 3931 21 847 888 1018 1095 1052 953 962 967 852 876 861 1033 998 1099 834 889 979 1089 859 833 1083
add-station 4754 31 905 917 1031 899 802 1010 869 839 826 797 920 871 828 906 990 798 1011 1067 1024 1046 858 923 1005 982 1060 979 940 910 930 918 1032
add-station 316 22 713 622 644 714 768 675 771 735 622 741 827 619 652 643 800 823 707 817 638 626 715 812
add-station 3034 27 1196 974 1160 1060 1095 1009 1028 1077 1073 1120 1067 1066 1103 1077 1233 949 1016 956 1159 953 1201 939 1198 984 1080 977 1160
add-station 4380 24 1092 939 980 866 1000 1014 1077 840 832 1019 910 904 996 1093 897 1086 839 834 1053 973 898 843 973 1003
add-station 5982 32 290 245 257 253 267 325 320 317 290 290 308 315 287 308 282 316 313 284 260 269 328 289 246 312 311 279 286 309 324 325 305 277
add-station 6527 33 67 70 56 70 61 66 71 61 65 64 56 60 69 61 67 54 58 67 57 62 54 56 58 73 73 61 56 66 56 57 56 73 61
add-station 1228 31 1330 1287 1213 1422 1297 1473 1361 1302 1291 1326 1296 1402 1278 1220 1208 1365 1462 1350 1429 1222 1284 1404 1125 1422 1473 1418 1309 1459 1306 1383 1302
add-station 5864 30 398 390 399 383 390 321 311 393 403 382 369 373 333 374 339 305 394 364 306 384 307 327 316 403 305 329 344 328 327 337
add-station 4238 0
add-car 4238 848
add-car 4238 1082
add-car 4238 826
add-car 4238 1086
add-car 4238 1098
add-car 4238 929
add-car 4238 863
add-car 4238 933
add-car 4238 1039
add-car 4238 882
add-car 4238 1103
add-car 4238 885
add-car 4238 1086
add-car 4238 873
add-car 4238 1113
add-car 4238 992
add-car 4238 849
add-car 4238 1067
add-car 4238 842
add-car 4238 1065
add-car 4238 1092
add-car 4238 949
add-car 4238 988
add-car 4238 893
add-car 4238 1079
add-car 4238 932
add-station 954 22 1287 1170 1129 1253 1292 1033 1173 1325 1030 1034 1293 1284 1242 1025 1227 1181 1195 1325 1033 1040 1304 1153
add-station 6375 22 104 96 103 120 98 119 120 102 110 122 113 93 93 126 107 94 123 121 110 106 104 103
add-station 1736 33 1602 1583 1614 1320 1347 1561 1702 1362 1619 1365 1410 1339 1694 1686 1464 1520 1659 1576 1489 1499 1405 1661 1506 1483 1757 1592 1467 1768 1682 1676 1447 1558 1531
add-station 1018 28 1126 1072 1309 1317 1152 1062 1358 1368 1108 1133 1239 1115 1340 1028 1123 1352 1278 1255 1282 1033 1245 1268 1198 1089 1115 1235 1324 1220
add-station 1914 33 1412 1416 1525 1339 1550 1554 1379 1301 1660 1698 1287 1351 1579 1706 1528 1300 1675 1447 1312 1467 1534 1701 1531 1309 1270 1276 1462 1389 1650 1652 1341 1464 1637
add-station 5065 30 921 984 916 954 999 886 959 787 875 869 882 919 1006 889 852 790 833 855 749 978 791 935 802 888 756 804 851 1006 986 912
add-station 1661 26 1446 1723 1522 1535 1443 1450 1614 1606 1560 1422 1661 1379 1662 1514 1668 1337 1583 1368 1529 1540 1334 1336 1723 1604 1724 1363
add-station 5985 0
add-car 5985 323
add-car 5985 286
add-car 5985 297
add-car 5985 328
add-car 5985 302
add-car 5985 302
add-car 5985 258
add-car 5985 258
add-car 5985 299
add-car 5985 280
add-car 5985 309
add-car 5985 259
add-car 5985 243
add-car 5985 315
add-car 5985 298
add-car 5985 249
add-car 5985 280
add-car 5985 264
add-car 5985 320
add-car 5985 288
add-car 5985 274
add-car 5985 324
add-car 5985 315
add-car 5985 318
add-car 5985 297
add-car 5985 307
add-car 5985 278
add-car 5985 306
add-car 5985 262
add-car 5985 269
add-car 5985 258
add-car 5985 286
add-car 5985 242
add-station 3731 28 1051 1074 1059 975 1083 1023 869 1060 923 1050 914 1051 830 1041 991 963 1013 906 811 969 1022 1022 858 957 833 1013 1068 1052
add-station 6416 30 95 96 108 97 109 94 89 109 87 84 88 87 91 103 108 82 92 81 86 81 81 109 100 97 81 108 103 104 108 98
add-car 1393 1588
add-station 6234 30 171 155 151 185 180 160 178 156 144 170 173 148 141 164 148 186 143 152 159 163 146 158 145 167 163 154 188 182 170 139
add-station 6961 25 0 0 1 0 0 0 0 0 1 0 0 0 1 0 1 1 1 1 0 1 0 1 0 0 0
add-station 4361 32 860 1024 830 1007 934 892 851 832 1091 920 880 958 1103 915 1036 938 1071 888 888 1076 1068 930 1045 1070 876 841 1043 1071 976 838 903 1011
add-station 4717 31 828 1047 873 870 851 929 1075 887 1054 979 857 1014 814 904 877 935 1065 1022 832 916 998 1070 918 1042 932 1025 910 923 844 935 1054
add-car 5581 514
scrap-car 2324 1147
add-station 2265 28 1391 1242 1534 1309 1157 1496 1448 1321 1386 1373 1485 1308 1172 1359 1251 1233 1441 1177 1510 1205 1473 1520 1547 1242 1458 1502 1421 1391
add-station 1839 25 1537 1614 1368 1620 1423 1434 1377 1514 1633 1599 1297 1512 1728 1522 1726 1606 1722 1310 1698 1372 1736 1376 1463 1678 1505
add-station 1974 27 1639 1651 1498 1268 1651 1438 1354 1394 1380 1363 1545 1557 1604 1267 1665 1653 1277 1558 1630 1400 1253 1517 1394 1596 1269 1349 1440
add-station 2787 20 1168 1257 1210 1168 1333 1293 1104 1097 1131 1032 1180 999 1070 1112 1104 1064 1084 1264 1328 1309
scrap-car 5508 582
add-station 4238 22 6481 4802 5226 364 9 6563 616 4142 4226 4269 443 6096 744 1785 1133 595 5053 4053 6149 6327 924 2206
add-station 2946 33 1062 1183 1180 1235 1016 1237 1132 1155 1073 1140 1060 1115 1214 1020 1184 1140 1074 1055 1210 1105 1065 995 1219 1096 1053 1266 1253 952 1079 1223 993 1105 1146
add-station 2857 0
add-car 2857 1159
add-car 2857 1114
add-car 2857 1039
add-car 2857 1160
add-car 2857 1164
add-car 2857 1106
add-car 2857 1178
add-car 2857 1232
add-car 2857 1102
add-car 2857 1143
add-car 2857 1011
add-car 2857 1218
add-car 2857 996
add-car 2857 1235
add-car 2857 1017
add-car 2857 1068
add-car 2857 1137
add-car 2857 1026
add-car 2857 1215
add-car 2857 1029
add-car 2857 1042
add-station 6608 26 44 45 48 42 38 49 40 45 43 40 39 43 39 50 50 43 42 49 50 49 41 44 44 43 39 39
plan-route 5985 511
add-station 1123 31 1366 1276 1354 1082 1253 1316 1348 1229 1212 1406 1138 1419 1267 1419 1400 1424 1224 1225 1440 1358 1149 1260 1104 1416 1187 1214 1157 1106 1066 1319 1260
add-station 2593 24 1214 1196 1284 1406 1289 1278 1291 1342 1243 1359 1114 1262 1404 1142 1186 1050 1185 1405 1404 1106 1145 1198 1336 1353
add-station 321 27 664 641 680 642 631 649 799 763 638 625 662 813 814 754 631 709 655 700 636 707 830 732 653 816 695 693 812
add-station 6055 24 243 238 214 242 266 258 258 252 227 242 234 224 237 267 222 274 217 212 282 266 237 247 267 232
add-station 5935 25 279 304 351 269 330 337 332 349 357 322 270 267 345 330 335 279 313 314 281 318 277 285 311 314 300
add-station 3517 32 813 806 842 985 886 985 1006 1030 857 1003 783 1046 1044 974 883 848 931 911 796 957 985 861 1008 802 817 989 928 810 1045 893 847 995
plan-route 6702 644
add-station 6987 29 1 1 1 0 0 0 0 0 0 0 1 0 0 0 0 1 1 1 1 1 0 1 1 1 0 1 1 0 1
add-station 4830 23 880 863 805 855 793 803 1018 811 901 800 844 860 855 878 937 1047 997 1000 794 820 1013 1046 1027
add-station 6466 23 71 86 77 83 74 91 84 90 88 78 80 71 71 91 79 71 89 68 87 79 84 73 74
add-station 1924 21 1577 1629 1690 1663 1653 1505 1381 1285 1315 1567 1585 1360 1632 1342 1406 1509 1340 1473 1594 1600 1333
add-station 5466 32 642 700 588 714 646 551 729 659 586 568 580 733 597 581 567 583 626 639 744 562 556 566 627 579 629 560 681 608 686 681 676 676
add-station 3069 24 1061 1168 1190 1105 975 907 987 1056 1122 905 1101 1021 1035 1082 1097 996 1073 984 1131 1093 1048 963 1067 1178
add-station 4003 27 984 1070 1029 874 823 930 1105 888 908 862 863 1018 875 957 842 1111 1075 933 1001 1096 938 996 1094 862 927 929 970
add-car 3852 982
add-station 4934 21 906 796 882 910 867 820 863 796 1002 971 855 908 899 774 1033 922 999 869 864 840 900
add-station 5996 26 270 292 240 239 293 263 294 237 273 248 283 278 279 259 319 241 237 312 280 315 312 286 315 316 313 292
add-station 4566 24 1085 909 863 1050 1033 1052 887 1072 832 815 840 911 814 1051 815 875 1005 1033 1059 1043 981 896 983 828
add-station 2217 24 1473 1361 1535 1255 1563 1229 1551 1485 1480 1384 1174 1455 1231 1400 1318 1163 1384 1200 1407 1443 1539 1550 1256 1459
add-station 1163 23 1323 1412 1129 1363 1220 1090 1328 1103 1379 1347 1416 1336 1381 1354 1440 1248 1307 1130 1158 1398 1309 1135 1325
add-station 369 23 697 826 831 821 767 663 764 811 840 844 833 770 687 708 722 788 671 791 810 653 852 845 775
add-station 5898 0
add-car 5898 310
add-car 5898 302
add-car 5898 333
add-car 5898 363
add-car 5898 343
add-car 5898 308
add-car 5898 322
add-car 5898 302
add-car 5898 313
add-car 5898 386
add-car 5898 351
add-car 5898 309
add-car 5898 381
add-car 5898 322
add-car 5898 377
add-car 5898 322
add-car 5898 333
add-car 5898 346
add-car 5898 330
add-car 5898 352
add-car 5898 311
add-car 5898 303
add-station 4346 0
add-car 4346 1098
add-car 4346 978
add-car 4346 952
add-car 4346 853
add-car 4346 984
add-car 4346 872
add-car 4346 1092
add-car 4346 884
add-car 4346 944
add-car 4346 1083
add-car 4346 953
add-car 4346 910
add-car 4346 983
add-car 4346 965
add-car 4346 1004
add-car 4346 869
add-car 4346 1105
add-car 4346 856
add-car 4346 913
add-car 4346 923
add-car 4346 839
add-car 4346 916
add-car 4346 996
add-car 4346 851
add-car 4346 934
add-car 4346 867
add-car 4346 1060
add-station 4789 26 899 875 850 1044 913 965 912 809 856 810 910 854 869 911 848 863 858 1004 815 972 921 1047 1056 876 930 1046
scrap-car 3557 939
add-station 527 26 974 861 906 1001 774 951 787 999 937 948 889 830 994 866 773 970 933 762 837 987 790 933 909 750 765 947
demolish-station 4717
scrap-car 1020 1145
add-station 1355 33 1291 1215 1380 1445 1419 1445 1569 1509 1319 1397 1344 1228 1190 1485 1528 1524 1312 1424 1171 1370 1570 1338 1529 1255 1206 1406 1437 1216 1419 1239 1395 1576 1198
add-station 3380 31 998 847 939 1018 1075 907 1087 848 994 1066 1019 1029 1062 973 895 942 844 1097 849 1048 1000 935 966 873 886 948 900 866 900 1014 842
add-car 1883 1677
add-car 1406 1401
add-car 6388 98
demolish-station 4830
add-station 6077 20 235 224 211 260 232 242 267 216 248 269 210 221 201 267 266 210 242 249 222 216
add-car 4981 905
add-station 1111 0
add-car 1111 1118
add-car 1111 1358
add-car 1111 1353
add-car 1111 1277
add-car 1111 1065
add-car 1111 1291
add-car 1111 1238
add-car 1111 1210
add-car 1111 1384
add-car 1111 1071
add-car 1111 1281
add-car 1111 1409
add-car 1111 1332
add-car 1111 1185
add-car 1111 1326
add-car 1111 1257
add-car 1111 1102
add-car 1111 1345
add-car 1111 1138
add-car 1111 1096
plan-route 42 6416
add-station 3669 21 1077 896 1027 975 879 900 983 808 1048 849 804 879 944 959 845 1040 830 1045 1028 1032 1059
add-station 6167 30 190 221 198 178 200 176 184 191 194 188 198 187 199 210 201 164 165 212 180 187 170 185 176 174 204 187 196 182 188 221
add-station 1664 33 1591 1389 1482 1525 1682 1571 1659 1453 1405 1499 1334 1611 1338 1461 1631 1409 1398 1547 1671 1527 1434 1618 1327 1510 1498 1349 1654 1365 1314 1376 1522 1726 1604
add-station 605 26 1059 871 894 872 814 877 1004 1002 971 857 1054 1023 881 997 1067 989 895 983 819 992 906 971 963 821 1026 912
add-station 1573 32 1565 1418 1417 1398 1518 1302 1270 1499 1545 1381 1277 1328 1414 1395 1266 1377 1396 1363 1346 1524 1332 1357 1523 1410 1363 1476 1623 1653 1324 1483 1509 1257
add-station 6624 29 36 41 38 37 41 44 46 40 36 42 43 42 39 37 38 43 37 44 40 34 37 40 40 40 40 45 39 38 41
demolish-station 6416
add-station 1660 22 1494 1302 1389 1679 1656 1474 1621 1529 1384 1551 1705 1735 1713 1512 1662 1582 1408 1302 1662 1700 1687 1465
demolish-station 6466
add-station 6395 30 99 118 93 110 87 112 92 110 109 87 106 99 108 90 110 94 118 109 115 90 103 105 102 87 104 95 105 99 92 103
add-station 142 0
add-car 142 671
add-car 142 665
add-car 142 507
add-car 142 543
add-car 142 507
add-car 142 677
add-car 142 594
add-car 142 644
add-car 142 564
add-car 142 665
add-car 142 618
add-car 142 597
add-car 142 535
add-car 142 596
add-car 142 655
add-car 142 602
add-car 142 536
add-car 142 573
add-car 142 575
add-car 142 513
add-car 142 587
add-car 142 599
add-car 142 576
add-car 142 531
add-car 142 643
add-car 142 593
add-car 142 651
add-car 142 509
add-car 142 634
add-car 142 530
add-car 142 608
add-car 142 540
add-car 142 512
add-station 6361 24 107 126 107 127 110 98 112 110 112 109 100 124 127 108 113 103 128 129 109 111 111 128 110 122
add-station 2206 24 1272 1486 1221 1570 1521 1381 1373 1373 1560 1576 1171 1431 1448 1516 1293 1505 1453 1314 1250 1207 1276 1260 1421 1249
add-station 1394 30 1549 1295 1494 1577 1205 1370 1415 1278 1330 1217 1586 1405 1460 1191 1304 1535 1309 1586 1602 1252 1284 1200 1351 1574 1520 1371 1308 1550 1542 1353
add-station 3051 30 919 963 1103 1149 1109 929 1137 1097 999 950 975 1008 1097 1180 1059 1144 1156 915 1117 1005 1129 1200 1100 1074 907 1027 1112 1050 1104 1203
add-station 6591 24 49 43 41 50 50 54 42 46 53 40 53 52 43 55 51 55 51 55 50 53 55 46 51 53
add-station 4196 30 3885 4199 5529 4375 1330 4860 26 835 3432 3744 6211 2059 4265 3433 2454 814 662 3142 6890 5670 5176 5767 5651 5006 3013 2176 3975 5362 4492 453
add-station 4424 30 1061 839 972 861 930 1053 961 1052 1020 959 872 975 1000 1024 1018 1092 822 910 836 1100 1104 891 1069 1010 867 1040 1097 943 883 1105
plan-route 821 6448
add-station 2739 27 1265 1121 1044 1255 1351 1345 1226 1310 1244 1068 1128 1274 1227 1217 1175 1145 1094 1152 1198 999 1212 1047 1248 1040 1352 1103 1269
add-station 2575 27 1414 1421 1165 1373 1162 1223 1224 1073 1089 1393 1394 1353 1379 1322 1193 1287 1296 1336 1191 1304 1267 1413 1338 1359 1228 1163 1373
add-station 2897 24 1168 1162 1169 1212 1265 996 971 1011 1070 1217 1150 1109 1217 1256 988 1105 1053 966 1068 1221 952 956 1069 1066
add-station 2508 32 1207 1216 1358 1350 1298 1231 1331 1386 1309 1134 1259 1115 1086 1282 1137 1322 1185 1325 1147 1251 1127 1309 1370 1229 1176 1323 1449 1209 1441 1183 1233 1294
scrap-car 2274 5681
add-station 2602 33 1210 1116 1371 1112 1226 1100 1270 1397 1050 1406 1282 1215 1333 1304 1233 1244 1274 1077 1061 1201 1043 1115 1408 1126 1273 1193 1065 1169 1101 1323 1401 1099 1284
add-car 5685 448
add-station 3986 33 1055 906 959 976 952 836 902 887 1037 868 1022 1008 1068 835 1103 1066 860 937 833 1103 1107 856 918 947 948 875 1060 996 856 1089 916 857 942
add-station 2992 23 1116 989 1012 1093 1222 1085 952 957 1217 976 1217 1204 1106 1012 1160 1234 1010 1180 946 1021 1128 995 1078
add-station 6854 0
add-car 6854 5
add-car 6854 6
add-car 6854 7
add-car 6854 7
add-car 6854 7
add-car 6854 6
add-car 6854 6
add-car 6854 7
add-car 6854 5
add-car 6854 6
add-car 6854 7
add-car 6854 5
add-car 6854 5
add-car 6854 7
add-car 6854 6
add-car 6854 7
add-car 6854 7
add-car 6854 5
add-car 6854 6
add-car 6854 5
add-car 6854 7
add-car 6854 5
add-car 6854 6
add-car 6854 7
add-car 6854 6
add-car 6854 5
add-car 6854 6
add-car 6854 7
add-car 6854 5
add-station 6547 26 56 67 65 61 55 63 53 56 66 52 59 67 64 66 53 52 54 66 50 63 64 51 67 61 59 61
add-station 1085 0
add-car 1085 1400
add-car 1085 1093
add-car 1085 1241
add-car 1085 1226
add-car 1085 1316
add-car 1085 1131
add-car 1085 1107
add-car 1085 1245
add-car 1085 1351
add-car 1085 1332
add-car 1085 1285
add-car 1085 1361
add-car 1085 1309
add-car 1085 1286
add-car 1085 1221
add-car 1085 1206
add-car 1085 1314
add-car 1085 1319
add-car 1085 1218
add-car 1085 1305
add-car 1085 1312
add-car 1085 1309
add-car 1085 1169
add-car 1085 1347
add-car 1085 1221
add-car 1085 1162
add-car 1085 1129
add-car 1085 1143
add-car 1085 1098
add-car 1085 1122
add-car 1085 1240
add-station 6683 26 26 32 32 24 25 25 32 27 26 29 26 25 31 27 30 33 31 26 31 31 26 30 28 25 28 27
add-station 2639 22 1319 1221 1197 1350 1047 1141 1316 1092 1254 1190 1128 1136 1157 1055 1069 1157 1216 1337 1393 1394 1386 1246
add-station 3698 29 901 897 981 908 870 832 944 924 863 994 967 938 855 886 1052 944 957 1025 905 1079 984 826 978 1045 1027 955 873 1016 1002
add-station 833 28 1198 1145 1070 1102 1003 953 946 953 1057 961 1161 932 1205 1141 1180 934 971 928 980 1072 1198 1205 945 945 1216 991 1024 1185
add-station 2900 22 1225 982 1181 1026 1131 1144 1105 1096 1174 1021 1262 1090 967 1151 1164 996 1141 1160 965 1013 1038 994
add-station 2246 26 1328 1497 1525 1553 1314 1527 1175 1204 1413 1346 1204 1204 1298 1305 1218 1345 1414 1226 1194 1337 1521 1319 1243 1416 1369 1191
demolish-station 2564
add-station 5008 21 819 889 994 824 903 1007 958 817 953 892 1016 898 872 848 909 776 768 840 936 887 981
add-station 6724 0
add-car 6724 24
add-car 6724 21
add-car 6724 19
add-car 6724 25
add-car 6724 25
add-car 6724 18
add-car 6724 18
add-car 6724 22
add-car 6724 21
add-car 6724 23
add-car 6724 25
add-car 6724 18
add-car 6724 22
add-car 6724 24
add-car 6724 19
add-car 6724 22
add-car 6724 19
add-car 6724 23
add-car 6724 21
add-car 6724 25
add-car 6724 20
add-car 6724 25
add-car 6724 19
add-car 6724 25
add-car 6724 25
add-car 6724 25
add-car 6724 23
add-station 6319 0
add-car 6319 128
add-car 6319 116
add-car 6319 130
add-car 6319 117
add-car 6319 136
add-car 6319 123
add-car 6319 117
add-car 6319 124
add-car 6319 145
add-car 6319 132
add-car 6319 118
add-car 6319 123
add-car 6319 119
add-car 6319 148
add-car 6319 133
add-car 6319 127
add-car 6319 110
add-car 6319 146
add-car 6319 118
add-car 6319 146
add-car 6319 119
add-car 6319 117
add-car 6319 122
add-car 6319 147
add-station 3749 27 1014 906 1073 1041 893 1020 1034 840 1024 1040 943 981 1028 1007 837 828 994 1065 1035 845 899 1075 927 818 825 1030 914
add-station 4571 20 822 1022 1071 1076 1070 1086 1003 955 904 1083 1030 1077 1027 1083 1082 861 915 1031 1060 1048
add-station 452 32 861 784 794 717 864 912 874 763 820 743 894 765 906 930 810 792 833 791 818 738 721 818 866 901 893 729 842 943 779 804 730 734
add-station 4586 30 985 973 811 909 840 925 911 1077 878 1060 1062 950 1034 1026 1024 935 870 957 823 925 992 1043 824 977 993 1064 933 885 960 900
add-station 1680 22 1495 1325 1714 1697 1312 1343 1355 1353 1664 1526 1662 1327 1741 1390 1473 1591 1357 1626 1501 1500 1501 1634
add-station 2296 28 1369 1218 1299 1487 1451 1362 1352 1456 1346 1233 1351 1237 1168 1162 1452 1218 1349 1170 1323 1146 1390 1277 1281 1161 1183 1411 1167 1445
add-station 6305 0
add-car 6305 117
add-car 6305 130
add-car 6305 116
add-car 6305 152
add-car 6305 126
add-car 6305 136
add-car 6305 132
add-car 6305 138
add-car 6305 152
add-car 6305 132
add-car 6305 117
add-car 6305 127
add-car 6305 126
add-car 6305 114
add-car 6305 154
add-car 6305 131
add-car 6305 142
add-car 6305 119
add-car 6305 149
add-car 6305 126
add-car 6305 124
add-car 6305 126
add-car 6305 124
add-car 6305 114
add-station 6254 28 160 153 162 159 154 156 171 134 146 154 137 156 152 167 167 161 134 146 166 171 173 163 145 176 135 172 152 135
add-station 3511 21 927 934 800 834 963 981 823 1003 827 998 994 801 906 1031 1022 1014 974 898 927 925 807
add-station 3215 30 918 1079 1065 1154 1023 868 1147 871 974 1095 1129 1028 1118 1150 954 931 988 935 995 1073 1029 1111 1067 1067 885 1003 934 1092 891 1121
add-station 2929 20 1053 993 1210 959 1026 1028 1148 1084 1025 1260 1049 1218 1059 944 1209 971 1106 1039 1131 1052
add-station 2439 0
add-car 2439 1465
add-car 2439 1267
add-car 2439 1309
add-car 2439 1259
add-car 2439 1178
add-car 2439 1464
add-car 2439 1462
add-car 2439 1323
add-car 2439 1094
add-car 2439 1400
add-car 2439 1459
add-car 2439 1232
add-car 2439 1425
add-car 2439 1304
add-car 2439 1423
add-car 2439 1128
add-car 2439 1390
add-car 2439 1358
add-car 2439 1252
add-car 2439 1324
add-car 2439 1199
add-car 2439 1239
add-car 2439 1103
add-car 2439 1110
add-car 2439 1225
add-car 2439 1242
add-car 2439 1094
add-car 2439 1156
add-car 2439 1108
add-car 2439 1390
add-station 5788 0
add-car 5788 397
add-car 5788 374
add-car 5788 407
add-car 5788 351
add-car 5788 352
add-car 5788 377
add-car 5788 466
add-car 5788 422
add-car 5788 351
add-car 5788 379
add-car 5788 463
add-car 5788 362
add-car 5788 464
add-car 5788 448
add-car 5788 382
add-car 5788 410
add-car 5788 402
add-car 5788 393
add-car 5788 350
add-car 5788 368
add-car 5788 427
add-car 5788 460
add-car 5788 445
add-car 5788 349
add-car 5788 347
add-car 5788 460
add-car 5788 437
add-car 5788 390
add-car 5788 362
add-car 5788 356
add-station 3376 21 834 934 842 1059 832 834 876 956 991 1066 898 919 847 962 845 818 1043 997 1053 969 1088
add-station 179 0
add-car 179 640
add-car 179 651
add-car 179 621
add-car 179 619
add-car 179 530
add-car 179 597
add-car 179 671
add-car 179 608
add-car 179 658
add-car 179 555
add-car 179 653
add-car 179 596
add-car 179 679
add-car 179 700
add-car 179 543
add-car 179 549
add-car 179 605
add-car 179 698
add-car 179 586
add-car 179 593
add-car 179 626
add-car 179 564
add-car 179 576
add-car 179 696
add-car 179 535
add-car 179 599
add-car 179 665
add-car 179 618
add-car 179 543
add-car 179 669
add-car 179 608
add-car 179 602
scrap-car 6375 98
add-station 4753 0
add-car 4753 868
add-car 4753 1063
add-car 4753 1047
add-car 4753 1023
add-car 4753 929
add-car 4753 845
add-car 4753 971
add-car 4753 819
add-car 4753 976
add-car 4753 933
add-car 4753 1007
add-car 4753 946
add-car 4753 1044
add-car 4753 862
add-car 4753 901
add-car 4753 1018
add-car 4753 922
add-car 4753 983
add-car 4753 872
add-car 4753 971
add-car 4753 975
add-car 4753 911
add-car 4753 814
add-car 4753 918
add-car 4753 912
add-car 4753 842
add-car 4753 877
add-car 4753 872
add-car 4753 965
add-car 4753 1003
add-car 4753 939
add-car 4753 1017
scrap-car 6361 107
scrap-car 6388 97
add-station 1689 23 1536 1332 1386 1314 1345 1438 1741 1597 1553 1366 1315 1742 1399 1611 1327 1497 1720 1345 1471 1717 1692 1556 1580
add-station 5175 28 976 800 792 908 789 789 956 908 781 936 796 836 762 907 970 727 919 775 728 806 896 812 816 836 750 944 895 855
add-station 1998 28 1406 1593 1593 1314 1412 1546 1419 1610 1579 1287 1368 1605 1274 1237 1425 1259 1602 1573 1486 1496 1500 1573 1469 1454 1570 1619 1395 1381
add-station 5806 29 434 341 405 406 361 344 395 366 410 423 382 434 359 436 338 373 405 338 372 403 338 341 354 376 338 364 437 358 340
scrap-car 4356 897
add-station 666 27 1081 938 995 1028 849 953 902 914 838 875 933 909 894 1103 934 1085 876 883 968 936 1064 853 1024 1101 846 891 1056
demolish-station 5919
add-station 3105 28 1191 1032 1151 1136 1084 1184 1053 1142 1142 1065 988 929 970 1022 1070 1057 947 1022 1147 993 986 1153 1000 957 1175 1156 1031 964
add-station 2105 0
add-car 2105 1349
add-car 2105 1334
add-car 2105 1493
add-car 2105 1350
add-car 2105 1445
add-car 2105 1597
add-car 2105 1235
add-car 2105 1204
add-car 2105 1209
add-car 2105 1596
add-car 2105 1373
add-car 2105 1326
add-car 2105 1216
add-car 2105 1575
add-car 2105 1492
add-car 2105 1207
add-car 2105 1536
add-car 2105 1331
add-car 2105 1383
add-car 2105 1247
add-car 2105 1223
add-car 2105 1383
add-car 2105 1252
add-car 2105 1443
add-car 2105 1458
add-car 2105 1339
add-car 2105 1452
add-car 2105 1582
add-car 2105 1408
add-station 1229 25 1329 1426 1247 1221 1482 1230 1166 1439 1377 1255 1398 1336 1184 1336 1289 1443 1134 1301 1300 1135 1270 1359 1444 1200 1350
add-station 1638 22 1558 1433 1713 1573 1307 1667 1370 1491 1552 1303 1489 1592 1712 1715 1382 1495 1721 1532 1574 1529 1311 1341
demolish-station 2897
scrap-car 3406 1009
add-station 6777 22 16 17 16 16 16 14 17 17 14 17 12 12 16 17 14 15 14 16 14 17 16 15
add-station 2608 20 1384 1407 1052 1223 1241 1092 1309 1399 1376 1391 1326 1235 1370 1344 1294 1288 1339 1056 1257 1376
add-station 1279 20 1197 1196 1446 1443 1136 1406 1139 1430 1386 1239 1243 1357 1516 1278 1294 1186 1207 1355 1498 1462
add-station 3336 0
add-car 3336 1057
add-car 3336 1007
add-car 3336 976
add-car 3336 946
add-car 3336 841
add-car 3336 881
add-car 3336 848
add-car 3336 823
add-car 3336 1000
add-car 3336 1063
add-car 3336 958
add-car 3336 958
add-car 3336 1101
add-car 3336 1106
add-car 3336 999
add-car 3336 1048
add-car 3336 851
add-car 3336 1072
add-car 3336 1065
add-car 3336 827
add-car 3336 1111
add-car 3336 844
add-car 3336 1099
add-car 3336 945
add-car 1355 1315
scrap-car 4361 876
add-station 6048 30 241 257 217 276 216 273 286 284 247 228 228 252 262 257 289 247 252 289 282 236 226 236 265 280 270 248 232 219 248 227
demolish-station 2602
add-station 5307 25 678 693 771 775 788 830 887 802 843 828 903 793 794 865 681 786 780 744 815 747 685 798 802 820 770
add-station 6673 29 32 27 26 26 30 27 35 35 26 26 34 29 29 34 32 28 31 31 27 32 28 31 26 35 28 26 31 34 32
add-station 3145 21 1151 1094 1038 1112 922 1033 1046 908 1084 971 1064 1116 916 935 926 987 1061 1056 1155 1132 1070
add-station 6612 28 49 44 41 48 49 37 40 46 41 40 47 48 48 42 39 37 47 48 38 38 49 36 36 38 41 46 40 43
add-car 3051 972
scrap-car 6499 60
add-station 2297 33 1193 1259 1229 1239 1435 1218 1474 1294 1480 1505 1210 1330 1293 1481 1458 1522 1478 1398 1447 1199 1185 1503 1412 1433 1532 1492 1241 1415 1501 1229 1196 1507 1233
add-station 2308 29 1153 1231 1496 1414 1322 1416 1232 1439 1337 1412 1259 1257 1413 1451 1391 1419 1519 1474 1144 1237 1450 1406 1355 1347 1204 1515 1341 1463 1255
add-station 315 23 622 774 757 770 740 664 745 802 701 680 687 788 741 772 796 663 624 615 703 632 742 637 671
add-station 2960 27 1025 1059 1138 992 1109 935 1179 947 947 1137 1243 969 1075 1144 1022 939 1179 1240 1189 1188 1173 1044 1156 1009 1232 1223 991
add-station 1596 22 1691 1324 1492 1706 1422 1476 1489 1528 1346 1375 1357 1393 1538 1644 1552 1403 1654 1462 1364 1326 1418 1658
add-station 2481 30 1150 1220 1116 1194 1268 1233 1125 1372 1215 1136 1364 1374 1147 1163 1214 1151 1399 1120 1109 1326 1390 1153 1413 1340 1265 1246 1347 1351 1404 1346
add-station 6407 32 86 92 93 102 96 113 108 93 101 86 86 104 105 96 94 88 94 93 103 88 92 110 99 107 99 97 94 94 111 97 102 103
add-station 312 27 686 757 725 735 662 823 822 769 706 693 670 630 663 756 770 734 647 760 692 669 752 750 641 819 631 620 788
demolish-station 2481
add-station 6380 25 117 105 99 103 119 94 94 93 114 121 115 106 109 119 114 110 120 123 100 100 113 94 118 110 116
add-station 4247 0
add-car 4247 1014
add-car 4247 1047
add-car 4247 901
add-car 4247 1060
add-car 4247 986
add-car 4247 1038
add-car 4247 1116
add-car 4247 999
add-car 4247 1030
add-car 4247 1088
add-car 4247 920
add-car 4247 910
add-car 4247 1053
add-car 4247 1078
add-car 4247 1117
add-car 4247 940
add-car 4247 853
add-car 4247 1042
add-car 4247 1084
add-car 4247 900
add-car 4247 1023
add-car 4247 995
add-car 4247 936
add-car 4247 961
add-car 4247 970
add-car 4247 900
add-car 4247 1067
add-car 4247 956
add-car 4247 827
add-car 4247 1020
add-car 4247 1102
add-station 1623 0
add-car 1623 1395
add-car 1623 1326
add-car 1623 1553
add-car 1623 1523
add-car 1623 1463
add-car 1623 1306
add-car 1623 1378
add-car 1623 1407
add-car 1623 1465
add-car 1623 1392
add-car 1623 1273
add-car 1623 1478
add-car 1623 1609
add-car 1623 1426
add-car 1623 1384
add-car 1623 1424
add-car 1623 1676
add-car 1623 1611
add-car 1623 1438
add-car 1623 1660
add-car 1623 1283
add-station 2917 26 1238 1089 1253 1136 1067 996 1023 1177 1165 1015 1230 1188 1243 952 946 1181 975 992 1197 960 1237 1127 957 979 1011 994
add-station 4650 22 935 1025 925 1060 822 944 1002 1088 1089 843 993 807 952 859 949 929 885 1031 853 1055 931 823
add-station 2780 0
add-car 2780 1054
add-car 2780 1047
add-car 2780 1183
add-car 2780 1038
add-car 2780 1310
add-car 2780 1272
add-car 2780 1312
add-car 2780 1202
add-car 2780 1053
add-car 2780 1153
add-car 2780 1182
add-car 2780 1096
add-car 2780 1093
add-car 2780 1039
add-car 2780 1269
add-car 2780 1125
add-car 2780 1137
add-car 2780 1238
add-car 2780 1331
add-car 2780 1248
add-car 2780 1071
add-car 2780 1016
add-car 2780 1108
add-station 1202 29 1195 1102 1236 1382 1160 1476 1116 1440 1335 1390 1155 1152 1224 1275 1147 1236 1366 1177 1212 1306 1435 1332 1325 1381 1221 1281 1298 1279 1230
add-station 6414 30 98 103 88 108 101 87 101 101 82 104 104 96 103 98 95 97 100 88 90 107 106 111 90 86 94 107 101 91 83 86
add-station 1339 20 1341 1528 1179 1509 1403 1197 1565 1375 1178 1226 1394 1191 1452 1163 1198 1547 1215 1324 1445 1224
add-station 860 23 980 1043 1193 1256 1010 1188 1051 1035 1033 1241 1224 1245 1254 1134 1095 1175 1079 946 1040 1023 1224 1171 1244
add-station 4876 20 813 882 951 1033 865 791 991 903 959 895 992 886 1029 822 887 830 915 855 839 785
add-car 1471 1629
demolish-station 290
add-station 974 29 1187 1327 1223 1134 1296 1019 1245 995 1222 1258 1146 1031 1064 1291 1111 1099 1124 1142 1014 1123 1059 1012 1256 1308 1220 1306 1081 1073 1244
add-station 6813 21 10 12 9 12 11 10 12 12 10 9 11 9 10 9 9 12 11 12 9 12 12
add-station 4146 30 829 908 1015 983 887 1099 994 1104 1020 842 842 898 1096 921 871 829 1077 1070 1090 1064 884 1099 934 1026 840 939 1040 932 1024 846
add-station 5367 27 805 641 804 640 702 783 678 780 684 665 709 627 745 778 795 632 757 734 663 762 686 809 696 762 774 633 634
add-car 2354 1432
add-station 6952 32 1 1 0 0 1 0 1 0 0 1 0 1 1 1 1 0 0 1 1 0 0 0 1 0 0 0 0 1 0 0 1 1
add-station 4146 31 3839 1812 2907 2737 21 4241 3745 3045 4793 6103 2255 2926 2038 6537 791 6056 5842 2457 1307 2556 647 3955 3999 9 5707 5888 6380 6126 4998 164 6322
add-station 2718 21 1196 1342 1069 1211 1105 1309 1078 1036 1337 1067 1045 1201 1215 1173 1153 1303 1161 1216 1132 1282 1311
add-station 6163 21 215 170 200 208 190 180 223 189 219 194 191 205 171 189 168 223 190 219 218 201 218
add-station 4242 32 1032 969 864 985 858 946 972 875 900 1051 854 958 1043 876 982 1007 976 845 832 896 1118 1019 916 876 869 959 831 866 887 964 1092 972
add-station 97 30 603 505 551 540 624 559 587 554 581 628 625 603 624 618 492 496 627 580 546 567 497 540 488 507 608 584 560 508 536 614
add-station 2581 30 1393 1344 1169 1092 1088 1159 1082 1405 1103 1283 1258 1111 1324 1375 1391 1221 1407 1285 1288 1412 1248 1192 1123 1410 1264 1270 1272 1238 1180 1158
add-station 1457 22 1600 1519 1248 1454 1558 1221 1512 1477 1287 1631 1435 1458 1614 1557 1613 1343 1465 1359 1613 1415 1507 1308
add-station 4863 20 870 1038 1029 978 913 833 1025 920 875 792 958 871 998 867 913 799 1000 1047 1021 935
add-car 657 841
scrap-car 2439 1267
add-station 314 30 826 627 781 822 748 749 740 788 666 633 776 619 639 672 757 726 742 692 718 753 816 788 816 688 794 801 726 624 657 691
scrap-car 3753 880
plan-route 6854 469
add-station 6718 21 22 20 25 22 21 25 21 23 20 25 20 23 21 23 24 19 26 24 19 22 26
add-station 93 27 568 539 575 615 514 575 547 502 538 561 558 488 575 622 535 552 494 472 527 486 577 480 610 485 576 612 581
add-station 2103 28 1570 1470 1227 1484 1462 1470 1463 1373 1481 1481 1602 1383 1522 1242 1595 1457 1614 1566 1514 1383 1528 1520 1252 1337 1593 1278 1230 1392
add-station 5938 25 357 273 305 322 310 324 306 309 317 308 337 345 267 284 279 319 322 269 356 343 279 288 268 285 269
demolish-station 3410
add-station 2485 31 1179 1160 1425 1429 1343 1271 1231 1290 1227 1422 1380 1377 1119 1289 1262 1277 1095 1159 1430 1168 1351 1215 1264 1164 1134 1080 1133 1274 1311 1426 1176
add-station 3841 27 914 1038 1072 939 972 1026 905 966 815 879 1064 984 1031 1067 973 828 1001 951 833 978 922 1038 834 971 1044 867 905
scrap-car 1914 1463
add-station 1653 32 1669 1609 1337 1710 1519 1291 1582 1304 1676 1503 1284 1621 1421 1473 1599 1413 1291 1438 1581 1709 1381 1510 1318 1725 1361 1403 1601 1613 1638 1333 1501 1485
add-station 4470 30 972 920 891 1002 972 951 866 997 920 923 1095 856 914 986 945 1055 937 863 1033 853 852 968 841 991 1014 831 1071 956 891 930
add-station 2275 0
add-car 2275 1500
add-car 2275 1537
add-car 2275 1482
add-car 2275 1261
add-car 2275 1373
add-car 2275 1231
add-car 2275 1403
add-car 2275 1166
add-car 2275 1299
add-car 2275 1352
add-car 2275 1355
add-car 2275 1414
add-car 2275 1317
add-car 2275 1325
add-car 2275 1226
add-car 2275 1164
add-car 2275 1213
add-car 2275 1158
add-car 2275 1210
add-car 2275 1276
add-station 401 0
add-car 401 703
add-car 401 882
add-car 401 698
add-car 401 676
add-car 401 708
add-car 401 847
add-car 401 776
add-car 401 736
add-car 401 837
add-car 401 818
add-car 401 813
add-car 401 782
add-car 401 788
add-car 401 888
add-car 401 872
add-car 401 829
add-car 401 674
add-car 401 816
add-car 401 810
add-car 401 818
add-car 401 803
add-car 401 898
add-car 401 866
add-car 401 794
add-car 401 765
add-car 401 851
add-car 401 860
add-car 401 754
add-car 401 699
add-station 397 33 717 840 691 704 705 805 794 873 786 899 696 826 853 782 807 849 842 690 689 754 722 824 733 746 823 790 828 784 701 826 686 688 678
add-station 4243 32 906 932 860 1004 1033 860 1027 859 945 1033 940 929 886 942 903 882 854 1036 1038 1019 973 1027 1034 956 1074 942 1063 895 952 1043 840 1104
add-station 1555 31 1342 1627 1642 1267 1284 1579 1652 1663 1366 1580 1416 1454 1438 1491 1541 1252 1487 1652 1334 1374 1477 1403 1441 1358 1353 1274 1613 1403 1329 1306 1349
scrap-car 3379 859
add-station 3156 21 1182 905 1079 1123 1089 1175 926 1076 1033 1130 1104 1004 1156 1030 971 999 957 1110 1152 1153 1026
demolish-station 1355
add-station 5140 22 790 894 864 890 872 851 736 982 863 900 738 810 850 757 869 776 962 858 952 840 822 745
add-station 3779 24 988 828 832 865 1090 1092 1023 1083 968 996 978 881 843 1067 1021 1030 938 868 824 920 907 813 924 906
demolish-station 1104
scrap-car 3757 1036
demolish-station 1394
add-station 707 29 984 1038 890 902 1011 1090 1096 1040 1136 883 991 951 1039 1102 904 1135 866 888 981 901 977 1111 931 956 943 934 907 1120 1024
add-station 4228 24 826 898 1003 1037 1002 1065 1114 956 1061 1005 1045 977 864 917 886 1048 865 902 1028 873 840 827 995 829
add-station 255 26 623 611 605 637 663 657 649 650 596 717 664 620 722 668 674 696 766 577 713 707 693 715 717 633 639 625
add-station 3107 24 1031 994 1150 1160 1179 1033 1183 1148 1126 916 1107 971 1070 936 1042 969 1065 1113 897 894 1007 1190 1173 954
add-station 936 20 1240 1045 1076 1189 1041 1286 1015 1178 1267 1044 1016 1066 1126 1131 1117 1254 1188 1073 1195 979
add-station 1445 22 1331 1251 1291 1587 1244 1443 1498 1271 1206 1627 1227 1611 1393 1591 1365 1556 1210 1322 1608 1504 1368 1562
add-station 2513 22 1236 1288 1312 1086 1342 1296 1326 1271 1445 1224 1244 1186 1363 1308 1153 1301 1435 1158 1283 1080 1105 1353
add-station 6787 26 15 15 11 13 11 15 14 14 13 13 14 12 14 14 13 12 11 13 15 15 11 15 12 15 12 15
add-station 3730 24 966 837 1086 940 1030 836 1042 927 849 1021 912 865 991 960 926 1039 1004 939 823 978 1078 1042 1080 927
add-station 762 32 959 935 971 1088 981 1161 908 1135 1168 1165 1123 1175 991 1022 1026 1139 915 1027 1111 1139 884 1164 1168 1058 906 973 1006 1040 1022 1033 1010 963
add-station 47 31 530 542 515 532 553 434 505 553 472 498 575 453 486 585 582 495 492 546 548 524 587 458 455 434 532 574 492 553 549 499 556
add-station 3713 21 1081 1036 1013 989 924 803 1068 888 920 831 932 1048 988 965 801 848 1046 1071 911 1062 946
add-station 5601 0
add-car 5601 523
add-car 5601 535
add-car 5601 610
add-car 5601 600
add-car 5601 487
add-car 5601 596
add-car 5601 591
add-car 5601 586
add-car 5601 495
add-car 5601 604
add-car 5601 508
add-car 5601 486
add-car 5601 517
add-car 5601 499
add-car 5601 525
add-car 5601 587
add-car 5601 510
add-car 5601 524
add-car 5601 600
add-car 5601 464
add-car 5601 530
add-car 5601 517
add-car 5601 548
add-car 5601 556
add-car 5601 593
add-car 5601 461
add-station 3302 0
add-car 3302 1036
add-car 3302 964
add-car 3302 1003
add-car 3302 904
add-car 3302 909
add-car 3302 934
add-car 3302 1084
add-car 3302 837
add-car 3302 923
add-car 3302 994
add-car 3302 922
add-car 3302 896
add-car 3302 981
add-car 3302 1084
add-car 3302 887
add-car 3302 1089
add-car 3302 882
add-car 3302 1105
add-car 3302 1075
add-car 3302 1108
add-car 3302 928
add-car 3302 851
add-car 3302 898
add-car 3302 1091
add-car 3302 1108
add-car 3302 1091
add-car 3302 1115
add-station 6229 25 155 178 188 157 177 176 162 168 156 168 162 166 162 177 152 144 184 147 150 183 174 151 176 141 142
add-station 5305 0
add-car 5305 671
add-car 5305 768
add-car 5305 746
add-car 5305 904
add-car 5305 796
add-car 5305 792
add-car 5305 723
add-car 5305 851
add-car 5305 782
add-car 5305 846
add-car 5305 797
add-car 5305 804
add-car 5305 810
add-car 5305 805
add-car 5305 802
add-car 5305 678
add-car 5305 852
add-car 5305 809
add-car 5305 782
add-car 5305 795
add-car 5305 694
add-car 5305 873
add-car 5305 859
add-car 5305 689
add-car 5305 677
add-car 5305 697
add-car 5305 863
add-car 5305 701
add-car 5305 869
add-car 5305 725
add-car 5305 768
add-car 5305 745
add-car 1668 4264
add-station 6817 24 11 8 11 10 8 9 9 10 10 10 11 9 9 11 8 9 8 9 9 8 10 10 9 10
add-station 924 30 1049 1204 1280 1084 982 1159 1010 1285 1216 1195 1298 1047 1239 987 1066 1044 1256 1168 1224 1132 1255 1136 1306 1052 1270 1283 1180 1058 1186 1222
add-station 6790 20 11 11 15 14 12 14 14 13 11 12 15 11 14 11 14 13 11 13 14 12
add-station 1203 0
add-car 1203 1263
add-car 1203 1141
add-car 1203 1254
add-car 1203 1171
add-car 1203 1131
add-car 1203 1168
add-car 1203 1237
add-car 1203 1394
add-car 1203 1138
add-car 1203 1155
add-car 1203 1401
add-car 1203 1438
add-car 1203 1164
add-car 1203 1310
add-car 1203 1430
add-car 1203 1135
add-car 1203 1307
add-car 1203 1247
add-car 1203 1133
add-car 1203 1118
add-car 1203 1240
add-car 1203 1301
add-car 1203 1190
add-car 1203 1172
add-car 1203 1486
add-car 1203 1234
add-car 1203 1478
add-car 1203 1434
add-car 1203 1280
add-car 1203 1220
add-car 1203 1469
add-car 1203 1261
scrap-car 1653 1284
add-station 4065 24 986 1019 974 867 907 1013 1038 987 1037 911 1070 933 982 1003 998 1009 1041 859 1036 1026 1060 1067 926 1089
add-station 4542 26 986 855 925 983 875 867 873 829 1026 999 1099 954 978 903 1058 955 882 1068 954 909 1020 966 842 964 861 1060
add-station 739 28 1025 910 903 1046 1013 1146 999 1002 900 1047 956 898 1124 1115 1076 914 1104 1129 1059 1155 1022 1142 873 935 875 1012 1158 1000
add-station 634 29 947 1018 1012 821 944 1017 998 1033 1081 973 947 899 993 961 835 958 1069 912 816 929 1081 856 969 990 967 960 821 921 896
add-station 6936 26 1 1 1 1 1 1 1 1 1 1 1 1 1 1 1 1 1 1 1 1 1 1 1 1 1 1
add-station 2516 26 1356 1132 1406 1375 1412 1258 1346 1303 1385 1406 1420 1441 1306 1442 1149 1437 1169 1103 1208 1267 1388 1230 1114 1129 1439 1079
add-station 81 28 599 549 514 492 567 488 613 468 466 538 460 494 477 546 564 515 493 463 519 462 473 582 512 539 539 593 488 478
add-station 4194 33 838 864 1028 929 967 903 838 888 884 1037 1013 884 1036 1000 905 1084 992 932 860 928 1069 929 985 980 1058 932 925 951 878 960 947 946 1042
add-station 5471 24 674 693 640 636 718 617 700 728 564 573 678 661 728 601 655 623 636 706 669 621 577 595 720 595
add-station 4205 27 882 996 1057 847 963 1002 982 1032 1078 850 902 1053 836 1036 1116 865 992 1106 852 895 1045 1063 1090 912 914 1116 1069
add-station 746 30 958 1133 900 971 1169 874 884 1087 1072 1022 1171 1109 978 1176 910 1015 893 1019 975 958 1169 1006 1150 1162 1175 1071 1069 943 981 886
add-station 4889 25 886 911 1041 813 1051 1040 897 796 1027 821 911 966 807 833 791 1044 780 977 980 1047 934 925 848 878 1018
add-station 4709 31 916 911 1028 960 977 851 944 929 1074 970 998 955 1023 972 923 995 1016 853 1008 996 863 1021 946 971 1020 992 824 1024 907 896 1020
add-station 2828 31 1280 1077 1290 1112 1228 1025 1195 1299 1027 1212 1152 983 1147 1039 1006 1101 1168 1065 1059 1008 1270 1179 1161 1159 1233 1027 1159 1250 1226 1079 1262
demolish-station 746
add-station 3709 24 1038 996 1011 806 975 988 935 844 840 933 812 1056 936 1026 823 1052 934 885 863 899 824 930 985 1055
add-station 4494 27 1003 918 1056 1012 986 837 905 903 895 955 912 1006 1014 1054 835 1084 1067 973 941 991 995 1029 1080 923 967 1000 960
add-station 4286 21 1030 1039 883 886 1012 843 1088 878 1012 1030 866 1113 840 874 1010 872 1009 827 1045 1029 1058
add-station 6292 0
add-car 6292 148
add-car 6292 141
add-car 6292 123
add-car 6292 122
add-car 6292 122
add-car 6292 139
add-car 6292 131
add-car 6292 155
add-car 6292 149
add-car 6292 159
add-car 6292 135
add-car 6292 136
add-car 6292 138
add-car 6292 127
add-car 6292 153
add-car 6292 120
add-car 6292 153
add-car 6292 141
add-car 6292 128
add-car 6292 146
add-car 6292 136
add-car 6292 147
add-car 6292 146
add-car 6292 144
add-car 6292 141
add-station 3319 20 867 1094 900 861 1106 949 1087 1036 956 1080 1098 914 1060 1045 947 1089 1017 1038 830 949
add-station 6203 21 182 157 200 189 193 176 171 171 179 196 182 172 182 200 199 177 165 154 180 198 197
add-station 866 22 1240 994 1057 1055 1030 1132 1169 959 1037 1231 1182 1137 1233 1234 1072 1230 1210 1140 1174 1124 984 1048
add-station 4294 32 870 1088 925 900 913 903 1099 909 1099 831 1062 1023 980 1080 955 898 931 1038 969 857 909 1014 1101 847 879 982 1046 868 1077 1064 923 935
add-station 2151 21 1491 1368 1244 1203 1370 1318 1398 1482 1299 1527 1328 1369 1383 1569 1189 1466 1231 1236 1436 1519 1531
demolish-station 6683
scrap-car 3111 4038
add-station 3463 27 977 846 860 1048 981 1057 870 948 964 801 1004 854 852 903 1001 944 946 1013 974 820 903 933 1007 838 822 1058 939
add-station 1035 28 1354 1214 1275 1261 1311 1187 1304 1262 1155 1209 1237 1377 1156 1127 1111 1330 1079 1328 1375 1287 1287 1261 1202 1052 1085 1367 1296 1337
demolish-station 5114
add-station 2157 33 1545 1478 1597 1466 1345 1261 1260 1583 1364 1331 1450 1457 1260 1234 1371 1278 1466 1544 1427 1213 1517 1421 1390 1245 1307 1266 1484 1294 1322 1369 1538 1358 1411
add-station 3528 22 949 946 808 837 912 839 782 1019 794 802 783 858 803 1016 829 830 1050 896 847 1000 885 1033
add-station 5119 23 987 771 833 793 868 905 817 815 756 918 812 990 920 945 769 821 999 743 773 837 779 919 766
add-station 6164 26 183 185 223 212 183 168 197 167 185 202 191 171 194 221 191 165 194 215 222 178 213 184 201 173 187 167
add-station 5633 22 504 519 566 457 463 541 480 559 585 550 523 496 544 484 591 589 450 554 554 448 583 591
add-station 6498 29 78 71 81 70 82 66 77 71 72 78 67 82 68 66 75 70 82 74 69 63 60 66 82 60 67 60 82 78 77
scrap-car 6715 4087
add-station 4212 26 1047 893 997 897 922 968 927 860 863 947 846 1077 935 839 1028 1069 960 1091 884 1076 984 858 838 885 881 996
add-station 3323 0
add-car 3323 1067
add-car 3323 1034
add-car 3323 861
add-car 3323 1029
add-car 3323 947
add-car 3323 906
add-car 3323 914
add-car 3323 854
add-car 3323 959
add-car 3323 896
add-car 3323 1119
add-car 3323 986
add-car 3323 1091
add-car 3323 928
add-car 3323 854
add-car 3323 890
add-car 3323 1073
add-car 3323 1114
add-car 3323 890
add-car 3323 1089
add-car 3323 1019
add-car 3323 898
add-car 3323 1065
add-car 3323 1055
add-car 3323 866
add-car 3323 980
add-car 3323 913
add-car 3323 1092
add-car 3323 1034
add-car 3323 1082
add-car 3323 1024
plan-route 6314 401
add-station 6477 31 70 75 87 77 66 65 67 68 79 88 73 73 65 82 76 82 81 70 77 80 87 76 69 80 74 76 73 77 72 73 87
add-station 1762 24 1490 1454 1437 1530 1676 1760 1521 1413 1685 1374 1526 1406 1454 1395 1328 1667 1663 1334 1531 1717 1639 1544 1732 1446
add-station 761 23 1104 896 1159 1143 933 945 1020 896 1155 1138 1127 883 1089 1011 1093 1006 1001 1009 893 1067 924 1175 1067
add-station 4561 30 1015 915 1023 936 1036 979 1029 1039 852 1015 843 1036 1089 933 863 935 943 1055 1050 1020 850 947 954 1008 920 961 1056 878 896 1036
add-station 3098 28 1148 1021 1065 972 916 928 1085 1092 1202 1062 908 957 1047 1170 1198 922 987 1147 1163 1129 1174 1082 986 1038 1115 1182 923 1181
scrap-car 6375 103
add-car 843 1203
add-station 4191 31 996 1103 915 894 837 1066 1011 934 898 1067 986 846 1070 1017 834 1109 1054 957 896 985 925 950 1026 1033 868 854 891 869 918 889 839
add-station 5231 24 2176 3446 2072 3984 2058 803 5904 5205 6561 3103 6282 350 5434 2666 4479 2948 5810 4625 5348 4383 6742 1178 6159 3466
demolish-station 3709
add-station 1512 28 1568 1266 1349 1610 1375 1299 1607 1510 1240 1465 1382 1524 1657 1355 1341 1524 1602 1296 1247 1234 1509 1661 1315 1545 1313 1256 1566 1410
add-station 3397 20 882 1013 928 858 1045 1035 1047 819 848 1054 945 978 863 838 951 893 1038 873 958 845
add-station 1056 28 1146 1386 1311 1283 1236 1240 1171 1194 1075 1063 1396 1393 1371 1295 1393 1311 1213 1384 1319 1228 1059 1381 1170 1169 1147 1385 1227 1129
add-station 4436 28 1034 862 1000 902 822 1096 1025 855 937 821 978 837 964 932 824 824 1079 1103 1087 977 1107 1079 1079 916 906 857 951 842
add-station 4986 29 804 903 1017 1026 811 812 952 981 792 998 979 869 1005 895 849 826 909 926 840 963 941 970 1031 944 825 799 971 1023 816
add-station 1108 29 1251 1177 1128 1098 1430 1381 1144 1240 1264 1233 1333 1360 1386 1368 1131 1167 1317 1276 1338 1143 1269 1101 1088 1227 1235 1086 1287 1358 1140
add-station 3597 25 854 861 901 855 799 977 804 870 975 833 997 968 989 853 855 838 964 955 1033 956 855 823 920 1007 803
add-station 2408 26 1240 1317 1136 1318 1135 1123 1165 1402 1396 1368 1482 1424 1478 1221 1129 1415 1441 1249 1447 1396 1144 1201 1340 1150 1163 1321
scrap-car 1139 1164
add-station 2463 21 1111 1142 1264 1258 1448 1191 1354 1330 1162 1239 1406 1396 1421 1245 1268 1133 1164 1199 1268 1457 1231
add-station 538 23 931 938 965 875 851 767 907 932 873 913 995 903 975 782 788 818 961 945 898 916 971 809 773
add-station 4988 30 798 783 923 794 927 915 891 780 916 927 839 870 973 866 778 999 971 841 812 807 824 925 1006 1023 878 792 828 951 863 975
add-station 1191 28 1171 1475 1134 1154 1273 1163 1431 1392 1275 1184 1115 1375 1450 1279 1244 1313 1204 1469 1106 1254 1340 1160 1385 1169 1225 1339 1400 1398
add-station 4406 28 936 857 1112 974 1108 895 846 832 936 1073 922 952 967 963 932 1068 946 874 1083 848 914 849 952 837 940 1075 976 1064
add-car 4863 878
add-station 3892 0
add-car 3892 962
add-car 3892 1094
add-car 3892 977
add-car 3892 948
add-car 3892 958
add-car 3892 866
add-car 3892 1002
add-car 3892 1076
add-car 3892 1003
add-car 3892 1032
add-car 3892 1016
add-car 3892 1081
add-car 3892 858
add-car 3892 1103
add-car 3892 1075
add-car 3892 960
add-car 3892 1005
add-car 3892 1097
add-car 3892 1079
add-car 3892 879
add-car 3892 1070
add-car 3892 1025
add-station 6826 27 7 10 9 10 8 8 10 8 7 7 9 8 10 8 7 9 8 10 10 8 8 7 10 10 9 10 9
add-car 833 1196
add-station 880 28 1157 1213 1079 1221 946 1158 1162 1007 1084 1204 1225 963 984 1172 956 1068 1210 972 977 1092 983 948 1110 1111 1091 1241 1164 1205
add-station 5239 31 762 962 787 862 965 831 800 736 845 776 846 945 877 965 849 720 719 775 954 819 824 908 839 826 919 781 961 796 718 861 918
add-station 5399 24 630 680 686 684 619 782 725 702 747 742 796 789 627 722 755 744 662 679 676 695 650 730 664 758
add-station 2242 27 1320 1454 1165 1380 1550 1387 1555 1188 1474 1389 1548 1492 1155 1494 1452 1382 1188 1322 1223 1191 1259 1510 1195 1229 1559 1160 1191
add-station 5732 30 422 439 436 380 466 496 444 423 391 439 379 409 388 482 454 395 462 381 379 439 491 482 463 449 403 494 458 503 452 477
demolish-station 2591
demolish-station 6388
add-station 6249 21 134 140 175 142 162 176 136 147 174 136 165 148 153 154 179 139 175 169 155 175 143
add-station 3837 29 927 883 871 834 1056 1040 975 1080 1093 818 848 916 896 901 984 1068 863 852 1035 982 1042 862 1007 1072 1012 1052 980 874 892
add-station 1760 22 1719 1684 1693 1756 1485 1667 1511 1674 1638 1628 1388 1619 1648 1470 1377 1561 1712 1670 1746 1340 1717 1644
add-station 6525 28 63 60 54 63 58 54 54 64 63 71 58 64 71 54 66 58 57 58 63 65 63 70 62 60 56 72 57 70
add-station 6668 29 35 36 28 27 32 33 35 35 27 29 31 27 28 34 29 27 30 27 32 34 29 35 34 32 30 31 30 35 31
add-station 2447 29 1408 1445 1433 1191 1417 1095 1166 1471 1450 1197 1365 1448 1327 1216 1287 1268 1409 1230 1215 1106 1171 1435 1430 1397 1373 1337 1470 1260 1409
add-car 1271 1427
add-station 1476 27 1422 1316 1503 1241 1641 1355 1602 1447 1472 1511 1459 1510 1599 1473 1541 1357 1502 1279 1643 1341 1455 1612 1322 1230 1477 1359 1519
add-station 4917 31 785 786 994 958 1018 899 999 948 978 938 914 780 882 881 820 1025 886 780 863 978 787 814 775 854 915 838 914 822 827 974 918
add-station 3922 27 1036 869 984 921 995 1001 1043 831 823 931 1038 920 988 1102 1041 959 895 1081 1040 847 925 895 1068 853 1101 1055 901
demolish-station 6661
demolish-station 2929
add-station 1475 33 1543 1220 1604 1286 1426 1332 1619 1605 1625 1313 1608 1235 1302 1352 1237 1601 1238 1379 1567 1571 1541 1580 1484 1548 1335 1502 1385 1592 1473 1354 1422 1272 1399
add-station 4846 28 820 858 830 861 814 1057 915 809 955 901 932 883 896 803 1058 903 859 884 867 972 853 1026 1057 988 901 900 1050 909
add-station 1310 26 1401 1156 1424 1340 1483 1436 1368 1288 1487 1215 1397 1536 1358 1327 1324 1410 1256 1206 1452 1301 1541 1376 1407 1461 1153 1320
add-station 5430 31 755 677 697 598 669 673 730 706 645 726 676 629 744 674 643 667 608 737 724 727 653 734 705 648 709 642 587 697 695 703 777
add-station 3212 31 932 1062 871 1062 1040 942 934 1012 984 969 875 1082 1150 938 928 983 1159 1060 958 947 968 1144 1134 1045 1083 1101 870 909 1116 951 906
add-station 6270 22 166 141 141 143 128 138 135 128 152 145 144 159 148 130 143 158 161 136 156 153 158 168
add-station 1499 31 1653 1559 1279 1528 1576 1373 1404 1262 1314 1501 1251 1304 1439 1603 1583 1589 1472 1482 1414 1544 1564 1419 1542 1231 1387 1463 1575 1269 1426 1555 1317
add-station 5420 21 778 723 734 714 757 767 639 643 647 660 601 706 770 710 765 730 733 630 740 706 594
add-station 1078 27 1287 1099 1347 1075 1157 1233 1228 1216 1305 1051 1395 1052 1339 1331 1400 1407 1246 1387 1410 1383 1329 1079 1359 1223 1119 1210 1103
add-station 3453 29 862 912 1052 893 906 886 1035 852 949 988 1031 838 1023 959 1048 864 918 847 850 803 1062 824 1015 972 891 858 947 1008 1066
add-station 5445 21 662 687 581 572 701 592 678 759 712 600 592 720 667 602 677 589 686 599 580 595 723
add-station 5560 20 545 560 633 552 504 611 613 623 550 571 585 586 652 491 622 625 625 613 615 571
plan-route 6477 946
add-station 593 32 941 855 934 914 1054 913 989 791 818 1001 876 852 961 1021 841 835 982 885 923 926 898 907 832 952 934 790 807 932 798 935 1062 792
add-station 1050 26 1073 1316 1036 1128 1106 1368 1283 1089 1264 1131 1051 1084 1134 1071 1303 1121 1234 1302 1154 1195 1355 1371 1038 1187 1073 1082
add-station 5400 31 601 756 662 783 703 793 718 721 764 742 745 664 723 800 702 671 637 693 631 744 623 683 653 716 604 638 677 640 729 736 725
add-station 2904 31 1192 1129 1115 987 1174 1007 1072 1190 1179 992 1013 951 1263 1282 1117 1156 1175 1015 1141 1274 1076 1111 1192 987 1140 973 1039 1066 1271 1062 1127
add-station 885 32 1036 1049 1243 1053 1177 1243 1197 1062 1133 1053 1073 1225 995 1136 1118 1056 1045 1191 1145 1111 1179 996 1219 1178 1078 1036 1152 1149 964 1229 1008 1227
add-station 1236 21 1439 1438 1355 1443 1305 1265 1246 1234 1147 1179 1386 1364 1126 1242 1307 1265 1275 1126 1127 1300 1228
add-car 2593 1136
scrap-car 5985 324
add-station 6467 28 78 83 81 89 88 81 79 76 77 77 88 84 87 78 80 83 88 82 71 76 68 76 90 73 83 82 82 73
add-station 6652 24 35 40 40 34 34 33 30 32 38 39 33 39 40 38 39 36 32 32 31 35 34 29 34 38
add-station 6102 24 243 221 192 229 249 236 198 255 242 202 206 190 192 236 244 225 218 209 197 230 231 220 221 247
add-station 5172 0
add-car 5172 852
add-car 5172 890
add-car 5172 911
add-car 5172 872
add-car 5172 982
add-car 5172 947
add-car 5172 767
add-car 5172 869
add-car 5172 753
add-car 5172 876
add-car 5172 819
add-car 5172 944
add-car 5172 849
add-car 5172 771
add-car 5172 853
add-car 5172 879
add-car 5172 859
add-car 5172 897
add-car 5172 736
add-car 5172 909
add-car 5172 823
add-car 5172 755
add-car 5172 863
add-car 5172 922
add-car 5172 935
add-car 5172 831
add-car 5172 866
add-station 3339 20 960 1006 1003 1043 946 904 1053 973 867 1012 1038 1086 964 854 881 838 1042 857 977 1015
scrap-car 901 5041
add-station 6137 29 183 193 222 185 220 203 237 178 232 234 222 211 188 203 226 182 236 219 202 188 221 189 231 204 186 202 187 238 187
add-station 5205 30 817 848 937 878 912 732 897 840 862 947 783 798 725 855 893 829 861 933 856 860 967 917 956 935 970 963 960 931 873 939
add-station 5810 25 449 422 353 449 405 336 437 395 444 388 371 402 408 412 368 402 346 363 350 426 438 417 347 385 406
add-station 4865 27 1031 851 956 897 1011 907 820 933 992 970 917 1036 1042 952 814 1003 786 831 900 1039 870 1022 948 926 1014 1055 836
add-station 116 24 637 487 526 569 637 620 487 582 525 580 549 601 634 612 529 541 650 605 538 544 578 548 602 630
add-station 6610 32 43 40 38 46 48 44 47 50 39 49 40 48 46 44 42 40 37 46 48 49 37 39 47 42 44 37 40 48 40 42 39 38
add-station 101 0
add-car 101 516
add-car 101 572
add-car 101 541
add-car 101 628
add-car 101 572
add-car 101 542
add-car 101 603
add-car 101 494
add-car 101 613
add-car 101 597
add-car 101 574
add-car 101 510
add-car 101 487
add-car 101 517
add-car 101 607
add-car 101 499
add-car 101 561
add-car 101 517
add-car 101 630
add-car 101 490
add-car 101 569
add-car 101 609
add-car 101 531
add-car 101 530
add-car 101 529
add-car 101 566
add-car 101 620
add-station 6129 30 232 194 180 235 211 188 220 182 198 191 196 239 230 226 197 195 188 193 211 197 196 230 238 179 197 242 186 195 184 190
add-station 6268 20 166 141 133 140 132 149 151 167 142 133 140 134 158 156 142 143 150 143 148 152
add-station 5277 22 727 704 737 716 779 719 746 883 883 866 893 761 764 852 805 853 697 890 847 929 819 705
add-station 5379 0
add-car 5379 709
add-car 5379 617
add-car 5379 655
add-car 5379 711
add-car 5379 823
add-car 5379 676
add-car 5379 730
add-car 5379 817
add-car 5379 822
add-car 5379 757
add-car 5379 712
add-car 5379 823
add-car 5379 724
add-car 5379 797
add-car 5379 710
add-car 5379 777
add-car 5379 801
add-car 5379 698
add-car 5379 770
add-car 5379 630
add-car 5379 797
add-car 5379 654
add-car 5379 685
add-car 5379 795
add-car 5379 742
add-car 5379 759
add-car 5379 673
add-car 5379 620
add-car 5379 801
add-station 6593 28 45 41 43 40 44 49 46 44 44 50 46 43 52 49 53 46 41 51 52 43 42 46 41 41 52 41 50 41
add-station 7001 32 0 1 1 1 1 1 0 1 1 0 1 1 0 0 0 0 0 1 1 0 0 1 0 1 1 0 1 0 1 0 1 1
add-station 4715 23 1014 828 1053 954 1028 929 964 1033 1056 877 833 916 863 938 847 956 980 931 845 1069 846 799 966
add-station 2390 24 1344 1312 1420 1317 1347 1499 1145 1262 1199 1143 1244 1277 1456 1441 1496 1480 1121 1447 1185 1220 1213 1257 1310 1136
demolish-station 2787
add-station 102 32 573 619 553 519 585 492 545 592 559 594 476 525 628 564 530 566 586 487 618 485 614 585 626 532 500 565 562 476 513 543 620 487
scrap-car 1028 1088
add-station 4319 29 979 862 838 901 906 842 934 896 843 853 878 959 983 1082 936 996 896 1016 1086 1086 1014 1085 955 1026 973 854 922 887 927
add-station 1796 28 1405 1698 1612 1302 1386 1658 1617 1658 1679 1305 1387 1693 1310 1422 1571 1599 1390 1703 1453 1624 1305 1437 1734 1350 1561 1378 1484 1422
add-station 5329 24 821 807 759 815 703 868 704 793 698 709 674 767 701 718 799 756 718 824 881 676 688 724 869 732
add-station 2928 24 979 959 1157 1148 1191 1145 1112 1052 988 950 1051 1073 1232 1231 975 1275 1249 1035 952 987 1131 1184 1108 1014
add-station 5007 26 1016 908 859 864 973 809 758 775 915 998 798 972 865 786 960 883 968 881 941 921 862 794 850 889 819 921
add-station 1659 22 1468 1405 1360 1652 1443 1624 1659 1558 1356 1346 1518 1506 1317 1591 1716 1307 1725 1641 1354 1634 1494 1660
demolish-station 3099
add-station 6480 0
add-car 6480 66
add-car 6480 70
add-car 6480 78
add-car 6480 71
add-car 6480 72
add-car 6480 84
add-car 6480 77
add-car 6480 66
add-car 6480 66
add-car 6480 68
add-car 6480 87
add-car 6480 79
add-car 6480 72
add-car 6480 75
add-car 6480 84
add-car 6480 69
add-car 6480 82
add-car 6480 67
add-car 6480 81
add-car 6480 69
add-car 6480 83
add-car 6480 65
add-car 6480 71
add-car 6480 68
add-car 6480 66
add-car 6480 76
add-station 4131 21 846 916 891 944 918 885 842 1092 1069 940 850 1049 1011 1026 868 865 1073 980 895 1112 979
add-car 4846 1010
add-car 3409 858
add-station 2280 21 1303 1306 1417 1433 1175 1352 1410 1344 1314 1175 1365 1484 1199 1507 1243 1536 1476 1294 1536 1225 1417
add-station 4599 0
add-car 4599 1045
add-car 4599 997
add-car 4599 1021
add-car 4599 1022
add-car 4599 872
add-car 4599 889
add-car 4599 1086
add-car 4599 918
add-car 4599 919
add-car 4599 975
add-car 4599 902
add-car 4599 825
add-car 4599 885
add-car 4599 902
add-car 4599 1086
add-car 4599 944
add-car 4599 932
add-car 4599 980
add-car 4599 1003
add-car 4599 957
add-car 4599 833
add-car 4599 984
add-car 4599 892
add-car 4599 863
add-station 5123 21 849 942 753 886 942 821 745 763 777 987 942 985 842 800 895 927 925 901 947 749 798
add-station 5224 24 782 859 952 809 803 723 753 794 933 781 792 939 875 925 853 794 731 896 816 898 722 718 748 912
add-station 4833 32 792 1021 971 900 952 946 911 1028 983 941 822 809 793 969 928 960 939 875 1060 1009 790 1017 899 871 970 953 978 949 1015 949 837 813
demolish-station 1916
add-car 1056 1216
scrap-car 1484 1519
add-station 6379 22 97 120 121 95 118 106 98 119 112 95 94 99 107 112 119 96 112 124 93 113 99 100
add-station 514 30 964 796 943 964 977 981 990 991 971 896 904 912 856 809 836 860 825 918 818 741 926 875 948 941 998 745 930 880 968 891
add-station 4343 24 1114 856 1073 905 882 841 921 842 912 933 987 1031 1002 939 1056 881 844 941 874 1068 925 1034 1104 1096
add-station 1831 0
add-car 1831 1509
add-car 1831 1436
add-car 1831 1558
add-car 1831 1670
add-car 1831 1508
add-car 1831 1575
add-car 1831 1417
add-car 1831 1623
add-car 1831 1318
add-car 1831 1426
add-car 1831 1592
add-car 1831 1720
add-car 1831 1474
add-car 1831 1476
add-car 1831 1553
add-car 1831 1583
add-car 1831 1506
add-car 1831 1632
add-car 1831 1300
add-car 1831 1564
add-car 1831 1675
add-car 1831 1489
add-car 1831 1562
add-car 1831 1591
add-car 1831 1600
add-car 1831 1300
add-car 1831 1499
add-car 1831 1354
add-car 1831 1547
add-car 1831 1516
add-car 1831 1617
add-car 1831 1468
add-car 1831 1471
add-car 6907 53
add-car 6854 53
add-car 6936 29
add-car 6777 53
add-car 7006 5
add-car 6790 18
add-car 6987 14
add-car 6952 16
add-car 6808 18
add-car 6983 22
add-car 7001 14
add-car 6826 28
add-car 6961 22
add-car 6724 53
plan-route 7006 149
