add-station 3713 25 240 180 213 193 209 209 192 234 204 205 210 202 203 219 221 229 193 190 234 202 208 226 186 237 205
add-station 2127 20 794 645 656 705 735 646 701 609 682 681 603 800 757 804 609 700 758 722 625 646
add-car 3713 192
add-car 2127 771
add-station 168 0
add-car 168 218
add-car 168 174
add-car 168 196
add-car 168 215
add-car 168 201
add-car 168 211
add-car 168 183
add-car 168 178
add-car 168 221
add-car 168 212
add-car 168 180
add-car 168 164
add-car 168 199
add-car 168 168
add-car 168 221
add-car 168 223
add-car 168 193
add-car 168 180
add-car 168 202
add-car 168 214
add-station 2439 23 548 417 512 429 426 423 448 433 526 491 457 529 468 485 493 479 479 518 529 513 499 421 461
add-station 1373 19 370 485 388 373 480 451 386 364 401 466 435 422 472 409 475 472 485 440 392
add-station 219 24 205 200 201 180 198 183 221 187 217 169 214 176 223 168 194 187 210 209 220 183 186 177 186 187
add-station 1335 23 463 378 373 389 422 361 421 382 439 384 430 385 373 455 364 343 345 344 427 382 451 347 429
add-station 2278 17 518 563 580 597 638 645 509 582 586 667 568 601 677 518 561 633 672
add-station 3091 24 132 156 154 144 157 135 168 142 131 158 174 151 162 140 131 167 173 160 136 156 164 156 164 161
add-station 3665 18 217 248 188 208 219 200 214 191 246 205 205 223 245 206 203 232 196 189
add-station 1392 23 459 500 440 469 430 471 438 445 496 466 499 391 445 421 438 497 446 449 433 416 416 445 395
add-station 3349 15 230 225 242 189 218 246 201 231 206 230 229 207 245 228 195
add-station 3001 25 177 174 170 175 178 181 187 212 168 212 208 213 185 200 196 190 194 177 166 190 202 162 199 164 207
plan-route 3713 168
add-station 4116 20 30 33 35 35 32 31 28 35 30 26 26 29 34 28 30 32 29 27 27 26
scrap-car 2439 468
add-station 4136 22 19 15 19 16 17 19 15 17 18 20 20 19 16 16 20 17 18 15 15 15 19 17
add-station 1603 23 578 476 594 620 484 589 480 537 570 580 528 609 573 547 492 580 632 556 547 640 570 484 549
add-station 56 17 221 185 218 177 217 184 219 166 172 175 199 191 218 204 215 179 177
add-station 289 16 164 170 193 194 165 222 207 187 222 192 195 198 219 180 217 203
add-station 1989 21 736 693 784 683 700 810 727 633 671 665 708 791 608 722 700 611 816 819 767 669 684
add-station 3719 17 215 216 185 195 196 228 215 178 221 187 215 204 239 231 239 198 236
add-car 4158 400
add-car 1989 720
add-station 579 18 212 199 185 194 176 164 184 204 197 201 221 184 218 206 177 196 193 221
add-station 940 25 163 161 215 172 213 203 176 161 209 182 209 165 213 192 197 215 194 213 182 182 174 180 206 202 204
demolish-station 289
add-station 3807 18 201 168 164 178 178 189 166 201 178 197 176 198 176 205 169 174 185 163
add-station 3459 20 213 256 250 221 254 220 250 258 205 242 249 221 211 232 213 237 258 257 223 205
add-station 3174 15 141 175 177 149 171 139 154 170 156 175 178 148 183 161 184
add-station 364 25 208 167 171 179 182 214 197 186 211 213 196 175 180 182 208 190 211 173 179 218 195 183 203 200 167
add-station 4157 19 2 3 2 3 2 3 3 3 2 3 2 3 3 2 3 3 2 3 2
add-station 2664 25 333 341 380 347 381 338 314 337 318 323 318 383 334 338 312 364 349 398 317 357 356 347 394 369 340
add-station 2006 16 740 618 823 813 758 611 628 801 752 623 657 800 820 678 653 800
add-station 1829 21 676 753 652 745 719 722 666 686 586 648 714 728 607 606 673 600 561 694 742 675 695
add-station 670 19 196 191 202 192 199 218 214 189 186 181 215 218 197 182 191 191 205 217 209
add-station 1813 23 716 752 651 614 569 703 576 704 687 562 693 611 679 670 603 659 638 673 656 719 723 589 707
add-station 1878 20 740 701 743 754 651 750 614 670 711 770 693 763 586 683 749 672 637 593 610 661
add-station 727 0
add-car 727 200
add-car 727 195
add-car 727 175
add-car 727 193
add-car 727 164
add-car 727 179
add-car 727 203
add-car 727 164
add-car 727 177
add-car 727 169
add-car 727 176
add-car 727 198
add-car 727 200
add-car 727 203
add-car 727 209
add-car 727 201
add-car 727 175
add-car 727 217
add-station 1735 17 568 682 625 664 602 572 698 624 702 583 638 641 560 603 686 615 566
add-station 1759 18 537 561 665 615 652 675 700 678 658 590 626 590 598 700 561 590 595 620
add-station 834 20 205 173 160 162 202 176 169 188 165 178 195 208 164 163 205 210 192 169 180 195
add-station 1483 15 487 476 508 445 429 484 538 552 542 535 439 470 523 487 434
add-car 834 197
add-station 4145 17 9 11 11 9 10 9 12 11 11 11 13 12 10 13 13 12 12
add-station 810 17 174 209 208 216 171 194 184 205 188 175 178 197 190 182 176 162 182
add-car 834 215
add-station 3427 18 231 197 224 221 244 218 255 191 255 220 218 196 213 218 250 230 194 232
add-station 1409 25 495 493 438 487 491 385 480 481 504 441 507 417 495 455 500 497 499 410 501 506 485 474 446 442 455
add-station 2981 25 217 220 217 194 203 192 209 168 195 205 188 200 223 197 211 223 190 183 218 221 206 171 199 204 209
add-station 2150 19 640 749 668 633 714 721 686 732 616 765 696 616 668 706 783 732 716 600 737
plan-route 3807 364
add-station 242 25 197 165 219 175 196 221 166 216 219 205 168 219 199 209 205 197 179 205 200 200 173 185 212 205 204
scrap-car 1409 500
plan-route 4145 242
add-station 1487 25 449 445 559 474 570 506 568 507 504 433 481 533 496 504 500 493 442 544 565 477 448 513 477 438 431
add-station 79 25 172 194 189 175 176 214 202 177 174 223 198 208 185 186 200 209 187 167 185 188 187 205 178 218 217
add-station 2568 17 431 460 370 423 430 357 414 378 432 450 341 340 376 387 446 387 403
demolish-station 3451
add-car 3449 934
add-station 2845 21 228 267 233 266 253 287 232 275 228 235 250 284 228 230 244 266 220 265 242 272 290
add-station 905 20 207 174 183 183 159 170 185 205 181 210 215 205 188 208 206 198 205 192 215 205
add-station 3604 18 223 217 223 194 244 217 258 204 245 250 224 251 197 257 221 250 196 227
add-station 3442 18 242 261 195 217 251 230 247 193 194 237 255 245 222 193 200 258 203 208
add-station 1698 22 605 524 551 535 583 642 562 563 635 641 565 579 601 658 581 563 593 571 596 585 551 611
add-station 1811 19 699 644 639 671 619 718 618 711 628 657 563 595 590 722 580 656 646 558 627
add-station 1860 23 691 604 767 593 770 608 751 658 752 586 723 611 601 649 745 606 675 674 668 729 595 571 764
add-station 1083 20 219 195 249 222 216 189 198 236 219 231 232 248 198 200 219 203 194 241 248 227
add-station 1818 15 623 740 705 709 730 645 557 593 751 664 611 666 647 588 750
add-station 1075 22 231 200 188 228 208 184 218 197 214 193 215 198 200 204 217 225 236 198 208 223 222 236
add-station 1626 22 492 618 604 545 533 491 651 528 505 497 574 583 547 505 486 573 615 587 583 502 554 500
demolish-station 3091
add-car 834 161
add-station 3860 16 173 180 180 149 168 154 154 148 163 174 172 190 175 184 152 147
add-station 352 15 179 187 214 177 180 191 215 201 184 222 216 217 166 203 189
add-station 2317 23 599 485 631 533 584 522 617 484 532 640 575 501 555 620 557 518 598 493 608 510 640 560 620
add-station 3358 18 241 196 206 242 192 195 189 213 234 208 185 242 235 242 231 190 231 242
add-station 2172 24 718 701 760 673 590 703 717 599 590 635 673 648 658 762 727 623 608 621 582 703 606 724 573 631
add-station 3652 18 238 211 203 218 194 227 207 224 211 206 193 211 228 254 241 224 251 226
add-station 1068 22 239 190 176 214 218 193 178 237 230 188 224 211 205 193 233 202 225 211 187 234 207 226
add-station 1189 15 258 261 290 276 291 263 295 323 268 317 265 261 268 297 314
add-station 3841 25 168 198 179 187 158 150 162 191 179 197 198 167 186 186 198 178 163 164 161 184 148 166 161 165 157
add-station 1689 17 686 525 523 673 625 522 666 664 555 550 681 690 602 680 562 675 609
add-station 942 23 191 183 176 166 189 205 180 201 199 182 181 167 207 205 195 202 183 170 206 161 176 159 187
add-station 2301 0
add-car 2301 643
add-car 2301 617
add-car 2301 594
add-car 2301 603
add-car 2301 516
add-car 2301 584
add-car 2301 517
add-car 2301 513
add-car 2301 617
add-car 2301 592
add-car 2301 644
add-car 2301 615
add-car 2301 648
add-car 2301 507
add-car 2301 579
add-car 2301 557
add-car 2301 588
add-car 2301 559
add-car 2301 516
add-car 2301 615
add-car 2301 501
add-car 2301 605
add-car 2301 597
add-car 2301 632
add-car 2301 610
add-station 3593 0
add-car 3593 227
add-car 3593 210
add-car 3593 205
add-car 3593 235
add-car 3593 206
add-car 3593 252
add-car 3593 214
add-car 3593 212
add-car 3593 232
add-car 3593 199
add-car 3593 217
add-car 3593 212
add-car 3593 242
add-car 3593 242
add-car 3593 230
add-car 3593 232
add-station 3377 22 247 223 231 235 229 202 238 244 234 249 217 238 249 194 205 200 239 211 246 213 226 194
add-station 962 24 183 184 189 180 205 174 211 166 205 177 196 170 169 173 187 211 199 184 173 176 162 207 195 188
add-station 3353 20 225 235 215 213 194 227 235 199 186 234 246 222 244 231 223 192 191 212 244 202
add-station 352 16 4078 1570 3662 738 1503 3127 3844 256 3119 3135 1860 170 1271 2084 560 2821
add-station 3126 18 145 134 131 147 127 126 153 158 157 145 156 152 139 144 127 133 151 155
add-station 273 0
add-car 273 172
add-car 273 174
add-car 273 193
add-car 273 172
add-car 273 197
add-car 273 210
add-car 273 186
add-car 273 220
add-car 273 182
add-car 273 210
add-car 273 165
add-car 273 212
add-car 273 199
add-car 273 183
add-car 273 211
add-car 273 203
add-car 273 189
add-car 273 183
add-car 273 214
add-car 273 164
add-car 273 196
add-station 2082 0
add-car 2082 827
add-car 2082 722
add-car 2082 835
add-car 2082 791
add-car 2082 736
add-car 2082 631
add-car 2082 696
add-car 2082 687
add-car 2082 633
add-car 2082 792
add-car 2082 633
add-car 2082 815
add-car 2082 682
add-car 2082 662
add-car 2082 733
add-car 2082 740
add-car 2082 718
add-car 2082 819
add-car 2082 784
add-car 2082 743
add-car 2082 840
add-car 2082 674
add-station 50 25 215 181 176 212 221 215 197 203 199 185 221 204 188 172 213 175 168 189 211 215 196 204 180 203 193
add-station 1702 24 636 534 691 532 595 634 517 661 549 517 586 631 570 520 661 656 660 537 667 577 624 578 526 664
add-station 3570 24 224 258 218 203 205 207 227 239 256 236 226 217 222 242 221 253 201 234 219 225 241 229 252 229
scrap-car 2127 603
add-station 2668 25 325 349 354 337 337 320 293 320 325 308 301 360 329 302 326 364 359 351 362 381 389 373 341 367 356
add-station 3487 17 248 257 260 236 245 196 260 235 240 247 244 200 213 196 260 198 257
add-station 3357 16 234 247 235 198 238 184 212 207 227 210 239 204 224 183 211 213
add-station 160 0
add-car 160 194
add-car 160 193
add-car 160 220
add-car 160 170
add-car 160 208
add-car 160 172
add-car 160 218
add-car 160 207
add-car 160 203
add-car 160 177
add-car 160 204
add-car 160 178
add-car 160 187
add-car 160 175
add-car 160 174
add-car 160 197
add-car 160 198
add-car 160 190
add-car 160 216
add-car 160 219
add-car 160 212
add-car 160 205
add-car 160 200
add-car 160 193
add-station 2374 18 514 450 541 569 512 565 537 485 589 531 548 537 561 488 506 472 510 457
add-station 413 18 169 201 205 205 173 180 203 171 207 185 175 181 188 181 213 210 196 198
add-station 3529 24 255 243 216 228 220 238 234 225 234 262 223 212 264 247 213 244 210 222 202 253 254 260 258 216
add-station 935 0
add-car 935 190
add-car 935 193
add-car 935 202
add-car 935 209
add-car 935 162
add-car 935 196
add-car 935 167
add-car 935 168
add-car 935 185
add-car 935 174
add-car 935 202
add-car 935 207
add-car 935 210
add-car 935 207
add-car 935 210
add-station 1402 18 416 388 454 502 392 467 387 484 431 408 423 446 498 502 452 443 450 397
add-station 1728 22 696 683 548 568 551 710 572 533 656 579 578 574 650 642 642 681 691 540 645 698 700 617
add-station 637 17 196 180 200 191 220 217 165 162 197 164 197 171 195 165 168 177 165
add-station 1497 19 500 568 506 446 548 434 528 476 570 480 437 577 486 436 463 441 502 534 565
add-station 1956 15 669 787 601 606 730 716 776 774 705 648 768 650 711 677 651
add-station 1258 24 379 398 322 403 373 343 325 313 320 336 370 368 323 304 395 330 364 308 353 385 386 379 366 344
add-station 190 20 180 191 164 192 201 206 207 198 172 181 169 177 166 216 186 215 200 182 200 216
plan-route 579 3719
add-station 2859 25 243 242 284 236 263 266 218 219 233 270 268 248 260 261 227 249 235 243 255 232 238 258 265 267 217
add-station 3378 15 217 229 192 215 198 187 197 248 217 203 187 252 245 238 228
plan-route 160 3665
add-station 3669 20 191 190 190 237 199 187 250 196 185 239 216 190 230 205 213 215 239 217 196 236
add-station 121 23 191 178 205 194 189 191 169 205 183 198 200 213 188 202 172 218 220 167 183 211 187 220 211
add-station 11 23 193 182 218 167 165 183 176 166 174 166 168 185 214 185 183 180 195 172 203 168 198 216 210
add-station 1943 19 740 701 665 742 672 715 775 712 778 666 659 655 694 693 746 780 795 717 776
add-station 3529 22 463 4154 2969 2340 2724 3688 683 3179 626 1434 2860 1515 389 1887 1242 2396 2252 3602 3726 1077 700 3084
add-station 750 24 192 171 202 176 190 170 194 174 216 165 183 181 202 212 209 201 185 212 175 215 216 203 211 218
add-station 1833 16 693 602 652 696 751 632 590 645 688 592 673 654 567 754 660 647
add-station 1008 25 158 192 171 199 169 199 188 199 167 183 159 184 183 170 178 211 186 193 201 187 194 192 178 181 192
plan-route 160 3841
add-station 3863 17 166 169 144 173 165 158 140 141 189 182 160 164 148 180 175 163 141
add-station 245 17 169 220 218 216 187 212 170 190 215 198 183 185 164 217 199 183 206
add-station 131 25 222 191 164 191 191 189 182 182 167 169 171 167 205 203 203 166 165 178 212 209 191 179 218 188 181
demolish-station 1335
add-station 2486 15 446 468 386 468 410 387 417 410 405 438 509 488 448 484 442
add-station 2618 22 352 424 384 420 406 352 367 371 410 327 332 337 425 337 420 361 406 365 413 343 367 340
add-station 602 17 195 172 166 171 220 218 203 177 163 163 209 177 211 183 188 217 181
add-station 2779 19 265 315 292 306 312 290 322 248 244 321 272 299 308 260 327 271 273 267 328
add-station 378 15 184 171 220 178 222 187 216 197 209 177 203 180 212 166 212
add-station 798 21 163 170 197 195 181 177 199 204 163 161 189 180 216 193 197 209 203 179 176 171 186
add-station 291 15 166 213 205 182 183 174 199 185 209 190 184 188 195 213 184
add-station 447 16 175 198 195 164 196 187 206 217 205 171 207 198 212 213 213 214
add-car 1083 235
add-car 2317 606
add-station 2042 16 639 641 713 778 632 788 732 730 676 684 713 677 697 792 711 743
add-station 3994 24 91 104 104 107 90 108 88 99 96 98 111 119 105 106 100 100 120 99 115 101 119 99 91 93
add-station 906 24 176 195 188 187 164 160 193 202 214 200 190 177 164 216 191 194 208 209 216 169 199 195 181 179
add-station 3016 24 192 201 186 165 206 184 183 177 205 160 189 176 192 205 176 196 189 172 207 176 161 191 203 187
add-station 4137 0
add-car 4137 15
add-car 4137 17
add-car 4137 19
add-car 4137 16
add-car 4137 14
add-car 4137 18
add-car 4137 15
add-car 4137 16
add-car 4137 17
add-car 4137 18
add-car 4137 14
add-car 4137 19
add-car 4137 19
add-car 4137 17
add-car 4137 14
add-station 833 22 205 210 187 213 182 174 207 195 189 208 215 199 178 161 180 203 189 163 162 174 185 193
add-station 1454 20 478 462 511 435 433 520 525 540 440 523 439 484 487 539 493 432 460 497 464 504
plan-route 50 4145
add-station 3726 22 178 175 178 187 226 198 176 181 176 214 185 190 205 186 203 236 183 203 233 224 223 193
add-station 2652 25 300 320 383 350 343 315 331 402 389 316 396 331 404 378 332 353 343 352 388 341 321 395 327 338 319
add-station 862 15 216 173 215 203 194 197 214 200 194 214 198 165 160 176 215
add-station 2746 24 285 328 310 322 285 311 330 308 266 342 330 273 302 304 266 300 348 333 270 325 311 288 321 324
add-station 1658 24 590 649 630 625 540 617 542 635 573 650 504 541 579 544 672 572 524 668 590 636 586 610 635 523
add-station 229 15 172 221 222 184 180 176 198 166 200 193 211 215 178 191 215
add-station 992 24 208 184 165 183 184 187 204 199 163 175 211 185 212 208 202 212 183 172 174 211 204 201 188 186
add-station 1193 18 271 275 349 280 308 265 321 298 291 285 338 343 304 324 333 265 273 345
add-station 1058 0
add-car 1058 213
add-car 1058 170
add-car 1058 207
add-car 1058 192
add-car 1058 225
add-car 1058 181
add-car 1058 218
add-car 1058 191
add-car 1058 202
add-car 1058 182
add-car 1058 210
add-car 1058 184
add-car 1058 229
add-car 1058 172
add-car 1058 187
add-car 1058 199
add-car 1058 185
add-station 2330 25 589 538 618 514 499 496 543 481 599 542 540 504 557 542 499 505 561 499 624 531 610 579 489 487 530
add-station 772 16 178 190 163 199 176 182 171 191 198 201 208 181 198 172 216 168
add-station 2544 22 464 363 375 421 441 432 368 460 462 423 469 376 454 447 432 425 352 422 415 437 360 404
add-station 3759 18 209 217 172 207 199 208 223 212 204 210 222 178 188 203 200 196 213 173
add-station 712 18 187 208 192 190 218 213 172 163 191 210 205 198 172 202 163 204 216 190
add-station 1813 22 597 2511 742 783 117 1635 473 197 1938 3252 2971 3316 547 969 161 3753 254 1996 873 2641 4121 272
add-station 974 22 194 209 206 214 191 162 190 165 194 163 171 172 187 203 178 174 194 165 175 199 189 212
add-station 2339 19 610 596 540 583 514 502 502 573 548 464 592 616 539 553 552 481 551 529 585
add-station 3188 18 181 153 163 147 152 185 161 187 184 159 148 150 190 163 185 173 168 170
add-station 2210 22 581 630 730 633 725 641 567 635 701 661 583 702 605 640 547 711 552 686 695 719 625 722
add-station 2484 22 470 489 422 483 473 469 504 390 425 491 511 410 397 442 432 498 466 387 473 413 480 496
add-station 919 23 162 192 183 159 178 211 176 173 206 188 205 172 183 195 209 192 215 207 193 204 174 169 180
add-station 828 18 176 208 189 196 190 165 185 179 181 197 196 177 169 166 212 214 213 169
add-station 230 25 170 172 174 183 164 191 209 182 223 222 170 198 186 174 193 177 218 164 205 223 195 212 197 170 178
add-station 2039 22 798 699 744 831 710 652 739 637 769 708 648 678 689 742 716 619 769 660 649 759 652 776
add-station 2586 15 422 375 440 381 366 352 440 345 354 446 380 389 390 434 425
add-station 1915 19 693 774 730 694 649 635 600 688 599 707 756 589 791 772 718 704 622 725 682
add-station 2193 23 667 593 711 611 640 596 705 554 664 616 743 560 667 658 611 594 589 560 699 650 660 648 601
add-station 1585 25 473 591 588 489 633 521 554 516 618 512 534 588 475 470 587 605 552 513 558 626 626 534 629 593 533
add-station 39 21 209 221 177 196 178 222 168 171 209 203 190 167 215 170 198 208 190 212 212 184 193
add-station 2515 21 422 415 384 391 460 397 482 418 388 488 463 437 488 451 423 370 412 497 449 460 385
add-station 2077 20 700 673 663 771 765 632 657 711 825 832 687 727 710 762 664 733 738 630 808 746
add-station 1858 17 713 682 739 637 597 584 670 718 714 660 597 641 700 762 690 625 743
add-station 3712 0
add-car 3712 209
add-car 3712 230
add-car 3712 183
add-car 3712 231
add-car 3712 222
add-car 3712 226
add-car 3712 194
add-car 3712 224
add-car 3712 195
add-car 3712 195
add-car 3712 211
add-car 3712 230
add-car 3712 196
add-car 3712 211
add-car 3712 191
add-car 3712 193
add-car 3712 216
add-car 3712 241
demolish-station 755
add-station 3579 19 239 213 208 194 196 263 230 251 258 197 228 253 207 212 206 207 213 209 235
add-station 1235 24 383 311 360 359 374 342 326 303 349 348 385 343 293 310 288 330 303 324 318 371 359 329 379 307
add-station 318 18 204 202 205 217 169 171 220 211 205 176 174 198 194 212 188 215 208 202
add-station 967 25 200 174 206 162 163 182 211 192 193 185 182 162 182 193 194 180 183 177 211 206 185 158 172 169 195
add-station 3629 18 249 221 230 253 224 221 213 207 210 234 211 209 250 223 233 242 209 241
add-station 4011 17 105 99 84 92 93 95 104 87 81 101 86 88 98 89 88 98 99
add-station 2504 0
add-car 2504 455
add-car 2504 448
add-car 2504 465
add-car 2504 450
add-car 2504 481
add-car 2504 465
add-car 2504 374
add-car 2504 387
add-car 2504 444
add-car 2504 452
add-car 2504 469
add-car 2504 497
add-car 2504 448
add-car 2504 377
add-car 2504 392
add-station 2659 18 401 327 399 347 347 372 300 381 387 305 385 310 399 377 357 325 325 348
add-car 1585 592
add-station 3297 0
add-car 3297 196
add-car 3297 198
add-car 3297 194
add-car 3297 215
add-car 3297 211
add-car 3297 192
add-car 3297 227
add-car 3297 193
add-car 3297 177
add-car 3297 228
add-car 3297 232
add-car 3297 211
add-car 3297 173
add-car 3297 224
add-car 3297 189
add-car 3297 208
add-car 3297 230
add-car 3297 232
add-car 3297 182
add-car 3297 231
add-car 3297 228
add-car 3297 197
add-station 1647 25 604 585 622 565 611 639 629 641 642 510 597 582 633 635 626 561 632 601 590 506 648 644 603 559 644
add-station 2231 16 659 641 716 655 655 680 583 683 552 648 677 584 535 684 657 714
add-station 4129 15 24 23 21 22 25 23 23 21 23 25 20 21 25 25 19
add-station 3388 20 197 196 188 234 247 227 216 191 245 188 187 238 253 215 250 228 219 207 230 244
demolish-station 4145
add-station 1158 20 319 314 264 291 291 250 310 295 245 284 294 260 263 273 273 260 285 236 249 316
add-station 329 0
add-car 329 194
add-car 329 216
add-car 329 179
add-car 329 220
add-car 329 189
add-car 329 212
add-car 329 198
add-car 329 204
add-car 329 183
add-car 329 197
add-car 329 219
add-car 329 168
add-car 329 176
add-car 329 170
add-car 329 202
add-car 329 208
add-car 329 176
add-car 329 205
add-station 3952 25 118 120 117 139 138 131 125 112 118 115 109 140 111 128 122 127 125 110 142 133 118 138 108 127 125
add-station 3477 21 215 223 238 218 227 214 218 242 219 263 211 255 244 256 211 213 209 232 235 217 221
add-station 2712 0
add-car 2712 300
add-car 2712 301
add-car 2712 276
add-car 2712 348
add-car 2712 360
add-car 2712 306
add-car 2712 345
add-car 2712 272
add-car 2712 365
add-car 2712 367
add-car 2712 297
add-car 2712 299
add-car 2712 333
add-car 2712 336
add-car 2712 289
add-car 2712 272
add-station 2224 16 650 600 657 606 538 721 565 707 713 579 611 568 597 595 715 679
add-station 3956 25 109 110 140 115 127 112 110 123 119 108 113 118 116 125 110 120 116 128 116 121 141 124 113 135 121
add-station 1871 0
add-car 1871 684
add-car 1871 763
add-car 1871 652
add-car 1871 574
add-car 1871 772
add-car 1871 762
add-car 1871 624
add-car 1871 633
add-car 1871 757
add-car 1871 666
add-car 1871 591
add-car 1871 658
add-car 1871 615
add-car 1871 701
add-car 1871 670
add-car 1871 680
add-car 1871 673
add-car 1871 638
add-car 1871 722
add-car 1871 586
add-station 2670 23 336 352 347 309 360 387 372 394 306 298 346 370 346 362 316 314 381 318 387 307 321 332 306
add-station 2440 19 436 469 431 470 409 495 455 470 541 473 417 465 518 452 487 452 544 458 420
add-station 2606 16 343 322 367 339 366 359 409 412 414 404 365 418 370 413 376 342
add-station 4133 22 19 20 18 19 22 17 21 21 16 21 17 16 20 20 16 18 20 20 22 20 18 18
add-station 3406 15 227 218 255 214 222 197 212 250 190 199 209 230 254 204 251
add-station 3868 25 140 187 143 170 179 157 150 158 171 159 175 185 151 178 161 156 159 187 167 156 164 178 149 173 167
add-station 3213 24 199 155 202 181 181 190 196 175 196 192 178 164 192 167 192 192 164 160 195 184 177 181 187 203
add-station 2159 24 763 695 711 762 637 632 579 751 723 583 633 694 734 645 600 734 623 728 692 689 762 584 629 605
add-car 1759 566
add-station 3591 23 262 210 206 204 221 212 204 207 257 212 259 203 237 197 230 251 209 245 253 217 235 237 200
add-station 2068 22 754 664 720 836 687 756 776 688 661 659 674 784 711 656 672 721 736 697 719 797 748 814
add-station 350 0
add-car 350 167
add-car 350 209
add-car 350 179
add-car 350 166
add-car 350 188
add-car 350 176
add-car 350 207
add-car 350 220
add-car 350 202
add-car 350 209
add-car 350 211
add-car 350 192
add-car 350 199
add-car 350 205
add-car 350 170
add-car 350 183
add-car 350 210
add-car 350 219
add-car 350 196
add-station 3885 19 148 147 160 157 134 154 164 139 137 149 155 171 138 159 144 140 177 176 166
plan-route 4133 318
add-station 1933 23 617 635 716 624 676 755 756 775 676 597 715 794 741 760 594 778 700 739 687 640 783 667 598
add-station 2808 25 271 290 252 295 308 274 243 286 309 256 253 280 273 261 254 247 286 282 284 246 298 310 295 258 275
add-station 3644 22 189 216 235 244 240 217 237 238 248 225 235 210 226 233 230 199 240 222 216 241 225 247
add-station 1052 0
add-car 1052 176
add-car 1052 168
add-car 1052 169
add-car 1052 183
add-car 1052 172
add-car 1052 216
add-car 1052 192
add-car 1052 172
add-car 1052 169
add-car 1052 217
add-car 1052 180
add-car 1052 218
add-car 1052 174
add-car 1052 177
add-car 1052 169
add-car 1052 204
add-car 1052 165
add-car 1052 173
add-car 1052 180
add-station 4066 19 71 60 65 66 55 67 68 68 63 69 68 59 68 66 64 54 60 70 65
add-station 2888 17 252 210 264 258 225 208 199 266 259 211 240 234 217 246 206 269 222
add-station 3464 18 213 240 224 259 258 252 201 245 205 211 223 251 261 213 232 259 226 261
add-station 57 17 221 194 171 212 199 202 176 172 201 213 183 179 204 198 214 195 166
add-station 1368 23 441 451 485 481 426 376 485 361 441 476 468 444 415 485 371 440 450 446 461 488 482 444 367
add-station 886 22 202 185 186 184 207 179 192 211 170 181 201 193 201 172 175 170 180 166 197 191 161 213
add-station 604 0
add-car 604 208
add-car 604 170
add-car 604 197
add-car 604 205
add-car 604 208
add-car 604 172
add-car 604 203
add-car 604 198
add-car 604 189
add-car 604 187
add-car 604 167
add-car 604 179
add-car 604 178
add-car 604 171
add-car 604 218
add-car 604 210
add-car 604 188
add-car 604 180
add-car 604 207
add-car 604 173
add-car 604 172
add-car 604 202
add-car 604 172
add-car 335 1981
plan-route 4157 79
add-station 3195 23 181 176 188 152 149 145 169 171 176 173 169 155 154 192 183 174 165 155 195 147 177 169 162
add-station 2792 20 305 260 268 270 267 292 315 307 307 247 239 260 266 313 281 314 304 301 314 287
add-station 3424 20 253 242 209 198 249 245 211 256 250 226 222 242 223 235 213 244 215 197 199 227
add-station 1332 16 383 425 361 368 363 423 411 386 417 434 370 438 345 420 412 341
add-station 3497 15 225 230 206 198 206 199 209 197 257 214 219 242 227 244 228
add-station 345 19 200 196 210 167 171 183 216 217 217 217 214 190 192 195 179 218 175 164 217
add-station 554 16 173 189 220 192 199 220 181 199 177 192 213 191 184 163 192 204
add-station 1341 21 375 410 431 411 424 372 441 347 362 460 406 414 426 413 454 416 411 387 415 378 394
add-station 1289 18 412 401 327 423 356 421 417 397 382 356 324 419 398 370 426 345 387 396
add-station 2917 0
add-car 2917 192
add-car 2917 243
add-car 2917 191
add-car 2917 217
add-car 2917 220
add-car 2917 211
add-car 2917 196
add-car 2917 239
add-car 2917 225
add-car 2917 217
add-car 2917 194
add-car 2917 190
add-car 2917 244
add-car 2917 241
add-car 2917 238
add-car 2917 227
add-car 2917 196
add-car 2917 217
add-car 2917 188
add-station 3745 25 228 181 186 230 207 208 204 181 202 196 174 179 186 210 176 198 187 176 223 209 181 191 211 189 201
add-station 2451 23 427 475 537 490 520 442 502 432 528 541 460 420 518 456 526 403 409 543 528 523 501 533 454
add-station 3788 0
add-car 3788 161
add-car 3788 175
add-car 3788 206
add-car 3788 164
add-car 3788 186
add-car 3788 199
add-car 3788 206
add-car 3788 189
add-car 3788 195
add-car 3788 179
add-car 3788 180
add-car 3788 168
add-car 3788 169
add-car 3788 182
add-car 3788 181
add-car 3788 186
add-car 3788 178
add-car 3788 192
add-car 3788 186
add-car 3788 191
add-car 3788 174
add-station 19 0
add-car 19 216
add-car 19 189
add-car 19 221
add-car 19 181
add-car 19 173
add-car 19 206
add-car 19 206
add-car 19 172
add-car 19 186
add-car 19 197
add-car 19 216
add-car 19 184
add-car 19 177
add-car 19 188
add-car 19 188
add-car 19 220
add-car 19 169
plan-route 318 4133
add-station 238 18 167 193 220 192 179 202 167 206 218 173 218 180 173 223 164 220 172 194
add-station 695 25 197 210 204 180 167 204 184 175 193 208 208 195 193 171 216 166 170 205 182 217 203 166 166 172 198
add-station 973 18 172 202 189 214 188 198 205 172 171 205 203 167 170 183 206 161 210 214
add-station 2636 23 326 349 331 380 355 328 355 307 367 371 363 332 326 386 342 362 397 372 398 326 408 408 349
scrap-car 160 220
add-station 4006 23 110 84 85 111 111 83 104 91 90 96 92 86 99 84 96 99 88 88 94 111 85 98 102
add-station 2057 0
add-car 2057 667
add-car 2057 801
add-car 2057 837
add-car 2057 827
add-car 2057 737
add-car 2057 838
add-car 2057 742
add-car 2057 693
add-car 2057 747
add-car 2057 668
add-car 2057 705
add-car 2057 723
add-car 2057 793
add-car 2057 800
add-car 2057 650
add-station 2034 23 655 732 684 692 693 643 719 633 686 805 745 765 670 772 682 765 800 690 714 700 704 785 654
add-station 1280 24 397 343 343 420 368 399 352 333 400 315 323 313 392 322 380 386 317 389 313 399 333 356 349 321
add-station 2262 25 536 649 569 628 554 676 570 607 654 539 639 526 595 630 541 588 595 535 553 636 645 591 629 522 660
add-station 2436 22 457 534 505 551 449 471 440 547 545 554 516 441 526 459 420 553 551 546 489 459 482 486
add-station 188 25 177 184 205 171 201 171 165 187 187 202 212 166 179 173 217 209 196 182 175 206 177 205 185 197 178
add-station 219 22 1433 3370 84 3345 2908 2941 4035 3618 2550 889 1438 3301 2566 479 4126 1589 1911 2108 1942 3622 2517 2044
add-station 1662 0
add-car 1662 653
add-car 1662 623
add-car 1662 593
add-car 1662 639
add-car 1662 658
add-car 1662 673
add-car 1662 516
add-car 1662 610
add-car 1662 566
add-car 1662 550
add-car 1662 516
add-car 1662 575
add-car 1662 665
add-car 1662 669
add-car 1662 659
add-car 1662 545
add-car 1662 500
add-car 1662 619
add-car 1662 616
add-station 1684 0
add-car 1684 604
add-car 1684 675
add-car 1684 655
add-car 1684 578
add-car 1684 606
add-car 1684 517
add-car 1684 647
add-car 1684 634
add-car 1684 509
add-car 1684 607
add-car 1684 547
add-car 1684 666
add-car 1684 592
add-car 1684 548
add-car 1684 564
add-car 1684 557
add-car 1684 673
add-station 92 19 169 183 170 186 194 174 178 201 193 223 178 168 196 165 205 186 170 209 212
demolish-station 3195
add-station 3172 0
add-car 3172 172
add-car 3172 180
add-car 3172 139
add-car 3172 146
add-car 3172 161
add-car 3172 143
add-car 3172 177
add-car 3172 150
add-car 3172 160
add-car 3172 139
add-car 3172 167
add-car 3172 162
add-car 3172 185
add-car 3172 169
add-car 3172 162
add-car 3172 155
add-car 3172 168
add-car 3172 150
add-car 3172 139
add-station 212 18 221 183 177 206 195 174 185 213 179 209 192 211 211 188 205 192 222 173
add-station 2357 17 496 559 613 489 606 544 461 489 589 542 459 466 503 462 523 454 498
add-station 187 23 172 215 212 192 176 166 193 177 182 185 184 186 215 164 187 207 188 170 182 223 192 215 201
add-station 2646 21 371 305 308 409 360 362 401 332 318 335 376 371 392 342 344 341 313 384 334 370 312
add-station 1345 22 429 362 460 447 434 398 383 452 412 463 373 412 363 353 382 405 373 431 356 425 394 365
demolish-station 1878
add-station 701 16 190 218 184 166 178 177 181 219 214 162 186 199 178 215 211 207
add-station 3702 17 233 235 235 215 229 208 244 234 221 221 182 232 198 180 182 223 214
add-station 2866 23 241 212 253 250 255 220 226 238 237 249 236 280 211 234 231 255 264 271 241 275 247 227 249
add-station 3930 22 143 117 145 115 120 144 151 128 128 144 141 137 138 152 118 138 151 133 127 150 155 136
add-station 1780 23 713 725 599 708 707 731 682 667 696 569 688 618 656 662 649 655 705 663 624 607 583 574 722
demolish-station 1454
add-station 1985 15 699 675 739 634 624 684 783 635 671 620 739 705 682 747 747
demolish-station 325
add-station 1972 17 713 742 623 610 719 760 668 722 705 787 770 736 751 645 633 605 643
add-station 1753 0
add-car 1753 587
add-car 1753 608
add-car 1753 698
add-car 1753 618
add-car 1753 546
add-car 1753 571
add-car 1753 662
add-car 1753 550
add-car 1753 559
add-car 1753 591
add-car 1753 594
add-car 1753 665
add-car 1753 618
add-car 1753 548
add-car 1753 625
add-car 1753 577
add-car 1753 613
add-car 1753 588
add-station 3401 23 248 253 227 207 214 206 235 191 232 197 195 223 194 203 224 243 231 213 230 205 253 233 209
demolish-station 2301
add-station 1684 15 2854 1579 920 2449 3347 240 1635 3352 884 1595 3062 235 2252 3222 3650
add-station 2315 15 500 563 531 492 517 520 576 547 490 633 583 574 481 626 606
add-station 875 0
add-car 875 175
add-car 875 208
add-car 875 178
add-car 875 172
add-car 875 162
add-car 875 184
add-car 875 165
add-car 875 179
add-car 875 163
add-car 875 182
add-car 875 175
add-car 875 188
add-car 875 180
add-car 875 178
add-car 875 181
add-car 875 216
add-car 875 166
add-car 875 161
add-car 875 191
add-station 3258 25 188 182 171 217 210 176 174 188 192 185 212 195 169 167 182 174 192 195 172 189 173 208 211 200 205
add-station 1670 21 673 586 586 619 584 592 523 559 504 653 604 628 681 679 651 616 555 638 560 541 650
scrap-car 3862 1778
add-station 855 25 217 163 166 205 207 160 176 178 195 167 160 203 172 166 175 207 202 209 189 181 185 212 180 190 209
add-station 2379 22 556 519 574 468 507 479 474 549 566 503 590 539 473 446 506 562 504 526 580 538 531 560
add-station 928 0
add-car 928 191
add-car 928 206
add-car 928 188
add-car 928 175
add-car 928 206
add-car 928 173
add-car 928 207
add-car 928 192
add-car 928 206
add-car 928 200
add-car 928 212
add-car 928 214
add-car 928 161
add-car 928 204
add-car 928 208
add-car 928 188
add-car 928 163
add-car 928 210
add-car 928 205
add-car 928 215
add-car 928 206
add-car 928 180
add-car 928 197
add-car 928 177
add-car 928 185
add-station 1101 23 208 245 242 260 260 206 260 247 211 251 252 229 234 255 235 247 213 210 256 216 199 235 211
add-station 1594 15 602 586 522 549 589 480 627 562 477 484 495 564 545 568 610
add-station 2083 25 647 784 635 712 725 649 816 675 715 807 772 677 666 692 757 819 817 627 705 686 698 650 669 679 690
add-station 1909 20 739 731 688 606 642 654 723 770 617 723 608 779 669 609 752 741 789 627 637 599
add-station 1643 22 494 597 570 518 535 579 505 638 559 631 596 608 608 602 542 498 608 645 518 529 620 506
add-station 2011 21 671 677 700 799 711 702 748 671 657 751 639 717 735 760 642 642 617 753 639 808 825
add-station 1715 20 548 623 667 569 566 685 583 633 619 529 686 572 606 606 570 540 542 701 606 525
add-station 2885 24 215 216 202 209 246 243 224 210 264 270 225 262 200 252 239 248 204 215 267 213 212 243 225 225
add-station 3787 19 167 212 200 187 186 199 195 207 179 212 189 208 166 207 218 167 195 217 173
add-station 700 21 195 210 184 166 192 163 194 180 204 202 198 194 162 185 181 167 164 165 173 175 185
add-station 2028 22 733 814 680 635 616 732 726 618 680 712 810 797 754 831 708 667 745 698 748 741 785 814
demolish-station 1687
add-station 3225 0
add-car 3225 196
add-car 3225 169
add-car 3225 154
add-car 3225 160
add-car 3225 203
add-car 3225 168
add-car 3225 200
add-car 3225 169
add-car 3225 194
add-car 3225 161
add-car 3225 198
add-car 3225 206
add-car 3225 177
add-car 3225 194
add-car 3225 189
add-car 3225 184
add-car 3225 188
add-car 3225 174
add-car 3225 203
add-car 3225 167
add-car 3225 178
add-station 1559 17 530 542 542 555 604 581 523 478 554 537 588 553 538 467 575 504 506
add-station 1111 16 260 243 215 240 255 256 251 265 220 267 236 216 209 228 269 269
add-car 4129 21
add-station 35 19 171 181 175 176 176 182 173 172 210 200 182 171 221 197 211 182 204 189 208
add-station 3886 25 178 136 162 163 145 141 132 151 143 163 164 169 165 147 139 134 142 158 177 155 177 161 160 141 145
add-station 500 18 188 203 185 216 187 180 192 219 174 192 169 169 195 204 197 206 188 188
add-station 4086 16 52 47 56 44 55 57 49 57 50 53 43 46 57 43 56 52
add-station 457 25 178 164 177 204 204 175 175 201 184 220 183 197 177 172 202 165 176 204 206 219 181 167 181 217 213
add-station 1515 25 470 539 522 562 490 468 496 455 484 559 526 473 517 533 500 503 528 527 544 570 562 541 546 570 507
add-station 2900 17 252 211 194 222 222 257 253 219 250 234 225 199 250 199 195 209 210
add-car 2315 630
add-station 1492 24 453 560 444 476 547 556 508 502 471 445 455 506 550 483 454 435 529 558 425 495 540 457 491 476
plan-route 168 3868
add-station 2403 20 441 556 570 475 572 520 487 502 502 444 436 537 564 536 540 490 554 466 517 518
add-station 3287 18 207 215 210 191 221 214 213 176 193 191 221 194 179 191 178 177 227 225
add-station 1562 15 502 566 485 552 579 606 601 501 522 536 464 577 486 496 531
add-station 864 25 214 191 172 190 181 209 179 181 207 187 164 191 211 185 201 169 193 206 198 216 197 174 186 190 198
add-station 2502 23 414 501 475 503 396 383 449 424 458 505 485 447 411 417 416 454 500 380 442 488 446 426 496
add-car 942 197
add-station 376 22 178 193 164 177 198 167 167 214 166 212 166 182 172 174 209 209 171 206 173 170 202 169
scrap-car 3358 192
add-station 3676 20 235 209 216 215 195 194 239 234 212 222 197 201 186 236 235 187 249 236 245 223
add-station 721 21 167 167 190 204 179 202 185 196 184 191 174 209 208 162 172 170 198 186 162 177 192
add-station 2663 18 319 325 397 332 320 397 371 354 322 310 310 297 380 377 383 386 396 322
add-station 1916 25 601 704 596 752 723 699 662 679 777 599 646 685 793 788 594 765 591 771 638 718 773 645 688 685 589
add-station 2481 20 439 413 478 517 403 431 450 512 418 390 401 510 445 458 484 494 385 469 429 503
plan-route 187 4157
add-station 2198 25 623 603 667 668 719 694 591 551 724 673 669 577 604 685 710 718 675 656 712 578 577 577 602 699 640
add-station 4034 21 76 71 84 73 74 84 85 71 75 90 77 94 78 78 75 72 74 84 83 76 86
add-station 1384 17 410 482 408 497 390 464 388 405 393 376 438 400 458 477 392 450 433
scrap-car 1687 2861
add-station 1363 19 479 462 482 366 481 400 359 468 384 414 439 450 383 441 454 431 454 402 405
add-station 890 20 167 162 161 187 208 180 195 182 191 166 171 202 167 176 168 172 167 216 209 206
add-station 2415 19 485 441 439 512 449 473 504 457 424 493 530 543 551 461 449 558 439 433 425
add-station 470 25 201 183 164 193 220 188 165 196 207 170 187 190 175 209 195 214 176 190 181 206 209 211 207 220 179
demolish-station 3174
add-station 3951 21 115 121 116 120 145 107 144 119 132 131 110 120 138 132 110 124 113 113 111 110 134
add-station 3245 20 187 188 179 165 196 194 195 182 184 172 213 185 210 192 197 185 193 215 192 172
add-station 3110 17 157 155 135 162 156 164 145 137 162 137 163 139 159 134 136 153 151
add-station 558 20 204 190 221 185 211 182 194 206 189 186 206 177 205 221 189 175 167 221 176 198
add-station 3229 22 172 168 209 183 206 210 196 198 165 160 173 155 161 206 167 156 196 157 161 166 200 203
add-station 1980 22 814 742 717 771 622 606 714 627 634 763 702 790 798 773 814 667 646 692 816 711 744 811
add-car 2224 660
add-station 1125 24 227 228 248 267 265 277 248 250 278 242 245 226 274 253 258 222 253 242 240 258 215 241 236 251
scrap-car 3930 128
add-station 3158 0
add-car 3158 141
add-car 3158 173
add-car 3158 153
add-car 3158 166
add-car 3158 153
add-car 3158 134
add-car 3158 145
add-car 3158 137
add-car 3158 137
add-car 3158 173
add-car 3158 133
add-car 3158 179
add-car 3158 141
add-car 3158 179
add-car 3158 133
add-car 3158 164
add-car 3158 177
add-car 3158 152
add-station 2300 21 586 597 601 571 614 627 635 510 554 495 508 653 638 612 659 546 645 604 533 625 570
add-car 237 943
add-station 3780 24 217 209 171 221 171 220 181 197 191 170 182 169 171 177 211 163 184 180 221 190 177 181 210 189
add-station 3505 15 224 196 222 202 259 235 250 220 204 200 243 229 255 233 243
add-station 3597 19 206 240 232 250 242 227 194 257 194 204 204 250 235 229 233 215 255 216 255
add-station 3928 19 149 124 141 141 132 140 141 116 124 151 137 150 118 133 122 127 120 155 126
add-station 1499 25 575 459 531 452 471 437 527 554 523 562 546 446 535 455 553 559 465 428 554 545 539 487 438 576 546
add-station 2988 21 164 171 213 184 207 210 162 183 215 184 210 202 177 208 215 209 188 190 198 175 193
add-station 3117 25 129 143 147 141 122 127 151 145 155 151 143 140 141 120 121 146 133 149 129 125 147 130 121 136 131
add-station 1912 15 653 772 679 720 735 747 753 750 744 594 599 664 772 664 599
add-station 2737 25 284 337 326 317 326 286 310 318 271 271 315 352 318 351 283 347 346 298 279 343 347 336 286 265 317
add-station 416 15 216 167 182 193 176 172 213 207 196 213 168 187 175 175 216
scrap-car 1068 2366
plan-route 190 3807
add-station 399 19 178 193 204 174 211 184 169 192 201 175 207 188 220 178 172 217 207 173 169
add-station 858 16 185 215 181 166 183 197 208 165 160 166 215 195 195 187 189 171
add-station 2707 24 307 364 365 303 347 338 361 325 371 325 366 359 310 304 298 302 275 358 306 292 342 286 340 293
add-station 1589 24 501 537 579 496 498 506 559 519 508 562 485 502 502 611 480 585 599 580 628 617 494 518 515 520
add-station 2128 21 654 783 774 672 801 805 600 628 615 683 715 610 704 634 734 639 597 706 756 798 801
add-station 998 15 182 167 212 190 179 197 181 193 204 188 213 172 212 199 191
add-station 1605 15 637 641 477 551 604 559 519 564 477 480 542 563 640 635 528
add-station 1758 24 667 542 712 585 697 608 722 582 668 674 548 626 656 648 687 567 688 623 690 684 712 624 621 545
add-car 863 3801
add-station 513 0
add-car 513 168
add-car 513 216
add-car 513 194
add-car 513 177
add-car 513 216
add-car 513 219
add-car 513 209
add-car 513 186
add-car 513 221
add-car 513 167
add-car 513 206
add-car 513 165
add-car 513 204
add-car 513 206
add-car 513 198
add-car 513 218
add-car 513 176
add-car 513 180
add-car 513 194
add-car 513 181
add-car 513 190
add-car 513 174
add-station 3286 20 176 187 178 171 198 211 207 185 175 185 189 196 185 209 219 181 188 191 203 217
add-station 1814 0
add-car 1814 742
add-car 1814 570
add-car 1814 729
add-car 1814 628
add-car 1814 630
add-car 1814 618
add-car 1814 677
add-car 1814 585
add-car 1814 735
add-car 1814 726
add-car 1814 562
add-car 1814 595
add-car 1814 667
add-car 1814 703
add-car 1814 730
add-car 1814 734
add-car 1814 610
add-car 1814 619
add-car 1814 683
add-car 1814 575
add-car 1814 595
add-car 1814 662
add-car 1814 646
demolish-station 1758
add-station 3703 18 212 226 191 230 235 197 199 184 180 229 218 197 189 181 188 217 207 231
add-station 2323 0
add-car 2323 525
add-car 2323 550
add-car 2323 523
add-car 2323 614
add-car 2323 622
add-car 2323 528
add-car 2323 596
add-car 2323 640
add-car 2323 585
add-car 2323 567
add-car 2323 555
add-car 2323 514
add-car 2323 620
add-car 2323 600
add-car 2323 559
add-car 2323 598
add-car 2323 621
add-station 1074 18 199 231 191 207 196 200 216 230 184 209 184 234 183 237 227 244 199 235
add-station 2882 17 222 234 221 262 263 246 264 228 256 218 248 202 227 206 206 217 225
add-car 4137 20
add-car 4157 20
plan-route 79 3604
