add-station 756 13 445 462 416 471 473 413 492 408 396 462 388 464 480
add-station 2114 20 367 313 365 393 380 343 339 307 369 350 384 334 346 344 351 332 323 392 369 350
demolish-station 756
add-station 2764 0
add-car 2764 154
add-car 2764 153
add-car 2764 136
add-car 2764 134
add-car 2764 136
add-car 2764 140
add-car 2764 125
add-car 2764 124
add-car 2764 117
add-car 2764 142
add-car 2764 127
add-car 2764 118
add-car 2764 132
add-car 2764 147
add-car 2764 123
add-car 2764 120
add-station 2191 16 327 380 386 351 352 404 316 351 410 356 349 313 370 336 354 333
add-station 235 22 231 224 250 272 246 217 244 231 204 208 223 229 273 202 264 258 220 247 227 240 247 268
add-station 938 22 311 367 379 336 398 396 354 348 333 356 362 364 325 405 395 389 409 396 341 311 410 378
add-station 111 19 159 184 197 202 190 161 168 151 169 180 165 195 154 198 183 179 180 158 186
add-station 3065 20 5 5 5 4 4 5 5 5 4 5 5 5 5 4 5 4 5 4 4 5
add-station 225 13 243 259 207 205 254 255 208 267 198 219 214 213 249
add-station 304 17 288 300 282 243 306 235 267 267 288 282 303 268 305 262 258 235 268
add-station 675 21 409 422 432 469 388 423 389 358 410 444 396 364 450 349 442 439 364 411 415 438 398
add-station 1340 22 225 170 175 205 215 188 185 181 170 188 189 209 178 225 224 207 182 213 201 220 170 227
add-station 1327 22 174 174 177 212 196 203 231 189 188 235 213 195 213 191 204 189 181 173 198 173 180 202
add-station 3031 15 18 16 21 20 18 16 21 16 19 21 22 22 17 17 18
add-station 423 18 289 352 301 282 294 287 286 294 302 363 355 356 318 298 351 272 319 293
add-station 1827 0
add-car 1827 308
add-car 1827 273
add-car 1827 270
add-car 1827 251
add-car 1827 258
add-car 1827 254
add-car 1827 305
add-car 1827 271
add-car 1827 249
add-car 1827 300
add-car 1827 299
add-car 1827 257
add-car 1827 285
add-station 2443 20 284 275 264 265 302 265 263 274 286 268 321 249 258 302 252 244 287 243 259 288
add-station 399 19 357 334 265 282 335 304 328 332 314 338 294 337 275 310 352 353 349 353 269
add-station 3027 0
add-car 3027 24
add-car 3027 18
add-car 3027 24
add-car 3027 20
add-car 3027 20
add-car 3027 22
add-car 3027 19
add-car 3027 21
add-car 3027 21
add-car 3027 20
add-car 3027 19
add-car 3027 21
add-car 3027 19
add-car 3027 23
add-car 3027 17
add-car 3027 19
add-car 3027 17
add-car 3027 22
add-station 2720 13 180 147 150 150 180 168 169 140 156 138 149 137 154
add-station 1018 14 295 300 273 354 321 343 313 311 293 333 313 319 297 352
add-station 83 15 155 174 165 182 168 153 173 140 171 166 163 149 167 179 166
demolish-station 1327
add-car 3031 17
add-station 769 22 433 431 437 383 377 458 419 478 421 446 415 424 371 435 395 450 477 494 396 474 433 496
add-station 776 20 407 452 397 377 405 453 493 375 422 489 383 472 406 447 428 427 493 445 435 371
add-car 938 353
add-station 86 15 161 149 169 176 178 178 160 185 177 166 160 144 160 140 166
add-station 2001 17 317 293 315 294 323 348 383 337 338 330 317 296 332 300 337 303 291
add-station 8 21 130 116 118 122 103 112 113 123 121 137 117 105 120 135 114 129 139 114 121 104 134
add-station 959 17 304 353 366 347 378 367 308 321 318 310 330 332 382 334 388 371 302
add-station 666 17 353 346 411 401 431 400 363 359 371 370 422 446 345 414 348 403 364
add-station 2059 16 308 389 331 369 338 362 385 396 305 381 327 353 318 374 388 330
add-station 2313 15 371 328 381 343 330 384 342 377 368 357 315 330 399 376 377
add-station 587 14 423 362 338 425 421 434 372 387 385 386 407 337 347 336
add-station 1541 19 131 118 155 139 121 142 118 131 155 139 125 140 153 142 145 153 128 128 122
plan-route 3065 83
add-station 260 22 220 265 240 263 252 238 214 263 274 254 246 282 249 224 212 246 270 242 222 253 243 243
add-station 594 22 397 347 431 375 376 414 440 335 370 432 409 439 422 391 337 378 410 430 398 436 341 420
add-station 2771 20 145 146 138 118 122 124 134 141 125 117 142 122 140 151 138 142 150 130 149 129
add-station 3038 18 14 17 18 18 16 14 13 15 14 16 15 13 17 14 13 15 16 17
add-station 2581 18 228 232 199 235 254 248 248 190 203 249 244 230 246 233 251 253 209 221
add-station 1267 13 204 232 213 196 220 258 210 201 235 209 195 241 210
add-station 841 13 353 440 347 372 419 373 423 376 382 441 363 453 396
add-station 2682 13 188 148 179 151 186 170 175 199 179 166 187 158 199
add-car 111 196
add-station 830 14 354 460 425 410 370 437 463 394 365 407 387 393 436 372
add-station 1226 14 220 242 208 260 263 269 276 253 220 218 214 244 267 223
add-station 1126 17 299 306 260 236 290 300 261 302 267 251 313 303 303 279 289 279 299
add-station 26 18 143 147 145 142 128 117 146 141 120 130 117 132 115 144 132 115 140 127
add-station 2434 21 332 318 320 257 268 285 277 334 249 315 248 262 258 288 265 279 271 330 249 315 315
add-station 2472 13 312 299 309 312 249 236 288 275 267 248 314 282 258
add-station 1105 19 252 269 325 314 269 259 320 281 247 279 250 266 321 304 289 273 296 304 310
scrap-car 1340 183
add-car 410 730
add-station 1230 13 247 262 206 212 255 249 239 259 250 210 266 233 229
add-station 2976 19 47 46 48 43 43 47 46 43 37 36 40 49 45 37 39 49 37 36 45
add-station 1148 14 295 252 263 272 254 269 249 246 257 250 234 245 237 258
add-station 2607 14 189 215 201 191 204 224 179 239 183 196 234 235 192 206
add-station 456 22 316 351 311 359 343 290 292 342 345 341 342 367 288 360 362 365 367 331 303 298 372 321
add-station 1797 0
add-car 1797 290
add-car 1797 249
add-car 1797 285
add-car 1797 313
add-car 1797 232
add-car 1797 232
add-car 1797 246
add-car 1797 248
add-car 1797 284
add-car 1797 242
add-car 1797 237
add-car 1797 253
add-car 1797 313
add-car 1797 259
add-car 1797 280
add-car 1797 296
add-car 1797 238
add-car 1797 241
add-car 1797 266
add-car 1797 254
add-car 1797 261
add-car 1797 241
demolish-station 3065
add-station 2311 14 321 400 331 331 393 318 350 305 315 358 331 312 375 385
add-station 1243 22 257 207 216 211 251 239 224 227 259 250 219 234 253 263 256 262 238 251 243 266 253 257
add-car 68 405
add-station 1388 18 194 188 159 182 196 189 161 188 184 160 184 181 187 156 164 199 180 197
add-station 1685 15 217 237 208 218 248 228 202 210 203 223 197 235 234 240 254
add-station 2854 18 104 110 82 92 106 104 104 109 98 93 94 98 96 82 88 97 82 97
add-station 228 20 267 258 213 221 259 224 234 257 217 257 212 219 202 238 225 242 252 247 206 247
add-station 1000 20 334 377 342 316 326 295 300 308 371 323 343 335 287 316 307 309 317 336 298 329
add-station 2284 14 390 362 372 321 315 399 377 317 328 376 311 350 337 341
add-station 520 15 352 305 384 356 351 340 364 378 398 400 342 394 328 315 359
add-station 179 13 187 215 205 243 240 228 226 241 197 236 186 234 195
add-station 1472 17 161 134 175 177 166 141 148 155 150 153 140 171 175 158 140 138 167
add-station 1779 21 283 275 304 282 286 264 250 284 268 287 234 285 273 262 282 285 266 301 268 245 300
add-car 3046 2553
add-station 2209 16 308 351 388 360 328 335 389 370 311 314 351 329 390 372 321 392
plan-route 228 2720
add-station 1202 16 274 268 258 217 228 276 267 222 245 263 272 267 232 225 212 234
add-station 1433 18 155 162 182 178 175 187 150 147 155 166 188 150 174 162 193 165 168 195
demolish-station 260
add-station 1666 13 205 229 181 235 220 191 195 182 231 242 190 184 193
add-station 1441 20 155 169 148 150 159 154 170 187 172 156 189 176 149 168 147 169 161 150 168 192
add-station 1631 0
add-car 1631 188
add-car 1631 189
add-car 1631 169
add-car 1631 184
add-car 1631 221
add-car 1631 189
add-car 1631 169
add-car 1631 171
add-car 1631 181
add-car 1631 218
add-car 1631 175
add-car 1631 217
add-car 1631 178
add-car 1631 187
add-car 1631 172
add-car 1631 169
add-car 1631 195
add-car 1631 178
add-car 1631 188
add-car 1631 178
add-car 1631 184
add-car 1631 198
add-station 1651 0
add-car 1651 174
add-car 1651 213
add-car 1651 174
add-car 1651 206
add-car 1651 191
add-car 1651 199
add-car 1651 215
add-car 1651 203
add-car 1651 182
add-car 1651 205
add-car 1651 219
add-car 1651 189
add-car 1651 193
add-car 1651 176
add-car 1651 185
add-car 1651 225
add-car 1651 220
add-car 1651 179
add-car 1651 211
add-station 99 19 184 183 156 182 196 195 187 188 152 167 187 183 160 185 162 175 156 153 195
add-car 2976 41
add-station 2225 14 321 309 400 346 341 380 315 382 345 387 386 389 304 338
add-station 1539 17 119 150 157 145 126 145 144 143 134 138 118 158 147 140 144 130 127
add-station 1003 13 338 348 305 375 290 331 280 366 315 315 319 301 328
add-station 325 22 241 319 291 245 280 295 288 282 313 261 274 283 244 273 243 277 313 253 267 315 253 245
add-station 2406 22 273 285 296 266 312 268 324 265 258 291 281 279 293 308 263 265 331 340 268 330 305 339
add-station 419 17 306 282 354 311 346 308 305 302 358 286 355 351 337 301 357 292 293
add-station 799 13 459 365 428 475 402 383 466 396 393 367 436 441 361
add-station 2039 20 309 364 308 329 335 327 291 355 322 379 297 370 331 365 306 337 371 354 324 381
add-station 2267 16 341 333 362 359 399 322 313 336 326 351 322 378 382 341 357 359
add-car 419 303
add-station 2092 21 359 329 316 336 365 302 384 299 339 351 386 338 358 345 354 328 318 326 370 400 379
add-station 318 21 244 294 308 238 240 306 286 257 263 248 310 314 245 281 257 239 244 294 276 243 266
add-station 966 16 343 352 393 294 332 377 334 365 370 315 392 358 346 378 299 317
add-station 1477 13 146 160 133 166 132 150 160 155 169 163 169 158 160
add-station 1613 22 201 160 203 195 157 210 167 198 179 192 188 207 209 200 176 167 166 199 205 167 183 179
add-station 1119 15 297 272 282 283 299 281 239 238 250 241 274 280 266 293 323
add-station 1254 19 214 195 211 253 209 226 208 231 259 252 253 196 196 218 240 237 206 209 202
demolish-station 86
add-station 2451 17 282 298 278 314 287 240 318 280 298 313 294 320 289 278 264 301 268
add-station 464 13 316 378 377 345 297 328 334 344 315 325 322 374 306
add-station 1630 20 199 179 182 170 215 208 215 216 202 202 198 206 183 196 203 198 169 192 184 180
add-station 2356 19 342 339 320 318 356 318 320 318 364 330 302 374 308 357 353 339 315 343 369
scrap-car 2225 3077
add-station 1417 14 163 150 173 154 153 198 169 189 179 158 180 158 169 188
add-station 678 20 354 458 436 358 362 390 416 463 435 386 415 425 370 354 439 417 399 469 367 440
plan-route 179 3027
scrap-car 1441 162
add-station 1907 18 356 321 357 358 345 331 350 324 281 334 302 299 316 343 340 320 355 304
add-station 2817 14 114 102 121 108 96 128 104 116 99 96 114 129 105 105
add-station 801 17 356 447 440 382 411 374 418 457 424 378 365 407 473 389 365 474 396
add-station 1203 16 244 255 245 217 252 219 271 253 283 257 263 244 223 263 232 215
add-station 2198 17 314 356 346 318 337 312 352 307 316 406 327 396 319 364 408 363 374
add-station 51 17 156 157 145 164 153 126 137 123 126 129 142 157 150 141 140 150 148
add-station 2172 16 380 385 349 346 344 341 355 324 321 337 397 312 368 368 328 305
add-station 1303 14 234 200 220 203 199 188 205 225 239 199 232 200 239 209
add-station 900 17 399 361 415 402 396 364 399 386 353 336 332 347 385 331 320 322 357
add-station 2274 21 334 374 400 375 348 304 341 395 331 323 392 326 347 330 395 343 328 329 317 306 366
add-station 1880 14 321 281 319 334 303 295 295 332 319 272 292 337 329 331
add-station 2909 13 69 67 76 72 71 71 62 64 71 83 64 81 64
add-station 2097 0
add-car 2097 346
add-car 2097 330
add-car 2097 365
add-car 2097 298
add-car 2097 351
add-car 2097 340
add-car 2097 298
add-car 2097 356
add-car 2097 319
add-car 2097 357
add-car 2097 306
add-car 2097 344
add-car 2097 355
add-car 2097 366
add-car 2097 346
add-car 2097 299
add-car 2097 395
add-car 2097 363
add-car 2097 352
add-car 2097 301
add-car 2097 381
add-station 550 18 325 380 329 406 366 319 385 397 333 312 379 391 359 354 373 401 411 339
add-station 289 21 288 265 303 251 225 252 292 247 284 242 269 268 250 272 229 262 235 229 265 272 291
add-station 1831 21 270 268 259 281 317 269 256 274 255 283 268 305 313 249 255 263 299 304 316 251 306
add-station 269 16 241 276 252 281 246 235 281 276 219 260 289 267 233 291 275 245
add-station 2219 20 368 335 344 377 407 370 320 402 340 353 380 397 362 339 394 329 391 338 392 310
add-car 318 246
add-station 2298 21 326 315 349 318 381 349 354 328 307 349 300 309 359 393 356 383 333 348 317 368 322
add-station 2377 0
add-car 2377 347
add-car 2377 339
add-car 2377 315
add-car 2377 319
add-car 2377 291
add-car 2377 314
add-car 2377 283
add-car 2377 307
add-car 2377 292
add-car 2377 357
add-car 2377 293
add-car 2377 331
add-car 2377 333
add-car 2377 351
add-car 2377 275
add-car 2377 356
add-car 2377 321
add-car 2377 319
add-station 2994 22 38 38 37 36 40 30 31 33 34 37 33 35 39 40 31 34 37 36 37 33 32 32
add-station 2347 15 373 343 333 369 380 304 340 309 340 289 297 352 333 289 313
add-station 1217 13 270 248 243 260 262 231 256 268 261 267 229 241 272
add-station 268 17 270 273 226 238 254 271 246 261 237 289 235 238 248 235 278 234 280
demolish-station 289
add-station 972 15 356 292 330 328 382 320 303 334 381 376 310 326 312 313 387
add-station 1909 17 312 301 286 343 322 273 322 299 291 346 302 293 291 324 346 358 279
add-station 845 22 352 449 353 456 374 387 456 342 425 351 357 365 439 347 355 396 447 369 384 429 359 421
add-car 1631 222
add-station 1567 17 142 175 144 145 171 161 168 174 160 167 164 154 158 166 147 159 145
add-station 1709 0
add-car 1709 260
add-car 1709 205
add-car 1709 262
add-car 1709 215
add-car 1709 236
add-car 1709 218
add-car 1709 240
add-car 1709 209
add-car 1709 212
add-car 1709 231
add-car 1709 252
add-car 1709 261
add-car 1709 212
add-car 1709 205
add-car 1709 239
add-car 1709 246
add-car 1709 241
add-station 3022 0
add-car 3022 19
add-car 3022 20
add-car 3022 22
add-car 3022 26
add-car 3022 24
add-car 3022 19
add-car 3022 20
add-car 3022 24
add-car 3022 21
add-car 3022 25
add-car 3022 25
add-car 3022 21
add-car 3022 19
add-car 3022 25
add-car 3022 21
add-station 1049 19 293 324 301 347 274 340 272 352 332 278 270 285 311 355 332 304 308 332 274
add-station 1543 18 151 134 145 159 134 154 144 142 120 152 129 147 124 143 136 137 121 158
add-car 1540 2053
add-station 2829 13 103 112 116 110 117 114 124 93 103 110 119 104 97
add-station 2903 18 64 82 85 73 70 84 70 79 81 84 77 79 64 66 76 83 85 69
add-station 90 17 180 154 145 164 173 188 185 149 187 155 160 141 178 157 148 184 179
add-station 21 21 115 135 111 129 110 112 120 124 137 120 131 141 117 134 145 142 129 138 138 139 143
add-station 69 18 178 141 136 174 165 132 155 155 141 156 167 142 168 137 133 135 160 157
add-station 1464 22 166 152 184 151 137 172 158 176 179 175 169 138 157 173 182 163 137 139 164 150 172 178
add-station 1637 13 200 171 175 189 179 192 192 225 199 206 225 185 210
add-station 984 0
add-car 984 331
add-car 984 288
add-car 984 328
add-car 984 303
add-car 984 370
add-car 984 289
add-car 984 370
add-car 984 293
add-car 984 373
add-car 984 375
add-car 984 337
add-car 984 373
add-car 984 373
add-car 984 342
add-station 1507 16 163 147 153 140 152 167 159 160 156 125 144 141 161 157 149 150
add-station 1405 18 163 153 179 184 182 170 164 160 189 151 160 184 204 168 190 154 169 187
add-station 331 22 248 289 316 278 300 302 245 299 315 293 245 298 279 294 252 301 302 266 323 283 244 296
add-station 255 14 255 264 253 254 282 285 244 232 237 242 246 213 220 237
add-station 188 18 214 207 202 221 194 228 229 242 239 229 209 208 185 225 225 234 235 233
add-station 1387 13 200 157 183 185 203 161 159 201 194 157 203 195 189
add-car 99 176
scrap-car 3031 16
add-station 2655 19 172 174 203 199 189 197 212 183 168 184 168 214 178 179 207 208 201 177 195
add-station 1289 17 245 223 227 235 220 232 212 228 204 194 205 238 221 216 228 240 238
add-station 2305 14 405 394 380 308 389 389 349 383 345 370 350 303 387 354
add-station 70 21 155 175 166 154 155 169 178 157 140 153 177 135 160 147 163 150 172 155 150 166 170
add-station 2068 18 348 308 364 370 379 341 349 374 395 379 390 327 330 371 315 311 389 306
add-station 2390 14 331 359 349 315 347 319 270 296 323 269 272 313 276 283
add-station 318 21 957 516 1614 2149 1322 2795 119 861 1230 551 590 701 2900 1694 1157 811 2034 365 980 882 2879
add-station 2178 13 380 393 370 351 359 302 302 388 406 346 329 361 315
add-station 1872 18 295 263 270 316 286 337 308 305 294 303 267 340 343 338 256 273 288 307
add-station 1780 17 305 236 259 302 279 302 280 283 256 228 273 261 282 246 237 237 249
add-station 2324 13 389 331 345 352 358 315 384 296 324 356 327 359 341
add-station 3072 13 1 1 1 1 1 1 1 1 1 1 1 1 1
add-station 2965 14 44 54 44 45 42 42 44 49 42 54 43 48 41 40
add-station 210 19 259 229 207 207 250 248 229 246 233 210 227 197 235 258 233 239 200 210 200
add-station 638 14 428 402 398 383 347 435 349 370 353 363 432 340 422 395
add-car 2173 2237
add-station 1488 18 163 129 137 165 173 169 161 136 138 162 157 170 151 171 151 151 155 169
add-car 210 213
add-station 1076 20 255 277 277 293 275 336 343 294 285 290 304 322 343 281 279 289 294 320 257 287
add-station 2385 20 346 324 315 293 352 317 327 343 324 280 303 327 329 346 290 347 329 330 315 347
add-station 2085 16 374 377 361 400 301 319 354 399 319 314 353 332 380 375 363 304
add-station 623 20 407 342 429 448 449 367 362 360 416 423 356 369 347 381 351 426 429 390 349 427
add-station 351 19 276 261 248 329 281 313 281 320 285 279 315 330 293 318 287 330 257 289 283
add-station 2497 16 299 292 226 298 227 294 248 248 279 283 270 298 241 278 275 292
add-station 2150 0
add-car 2150 364
add-car 2150 376
add-car 2150 408
add-car 2150 356
add-car 2150 332
add-car 2150 335
add-car 2150 390
add-car 2150 386
add-car 2150 306
add-car 2150 400
add-car 2150 384
add-car 2150 312
add-car 2150 390
add-car 2150 316
add-station 1424 14 161 189 162 152 159 167 168 173 190 156 163 175 171 146
add-car 2472 308
add-station 2951 0
add-car 2951 54
add-car 2951 53
add-car 2951 57
add-car 2951 51
add-car 2951 51
add-car 2951 49
add-car 2951 60
add-car 2951 52
add-car 2951 52
add-car 2951 56
add-car 2951 54
add-car 2951 55
add-car 2951 53
add-car 2951 54
add-car 2951 54
add-car 2951 51
add-car 2951 48
add-car 2951 56
add-station 446 21 334 375 321 338 319 300 298 369 281 355 330 333 345 313 282 310 364 306 289 358 339
add-station 2723 19 156 156 179 175 160 157 162 153 174 166 139 133 150 152 147 133 164 144 133
scrap-car 675 392
add-station 155 14 171 208 202 218 191 208 206 179 211 189 170 177 223 200
add-station 3013 0
add-car 3013 24
add-car 3013 31
add-car 3013 31
add-car 3013 23
add-car 3013 25
add-car 3013 26
add-car 3013 24
add-car 3013 23
add-car 3013 27
add-car 3013 26
add-car 3013 25
add-car 3013 27
add-car 3013 23
add-station 468 16 326 346 376 331 350 303 384 363 348 329 377 339 296 380 376 381
add-station 2488 16 287 286 282 295 257 258 235 250 269 231 293 241 304 260 286 284
add-station 1368 20 211 200 182 218 218 204 204 213 191 178 216 193 215 216 215 199 209 190 191 199
add-station 2712 15 140 160 161 159 169 163 147 171 164 172 155 168 159 149 161
add-station 56 0
add-car 56 155
add-car 56 169
add-car 56 149
add-car 56 161
add-car 56 145
add-car 56 156
add-car 56 165
add-car 56 143
add-car 56 141
add-car 56 132
add-car 56 152
add-car 56 158
add-car 56 154
add-car 56 165
add-car 56 141
add-car 56 128
add-car 56 166
add-car 56 161
add-car 56 129
add-car 56 132
add-car 56 164
add-car 56 142
add-station 322 13 259 294 285 264 302 241 319 241 302 263 308 257 254
add-station 686 17 467 408 355 443 454 419 460 369 365 446 461 409 434 442 410 386 351
add-station 998 19 356 370 287 340 354 333 327 284 376 342 361 284 307 304 304 287 316 307 352
add-station 992 13 340 348 357 353 288 365 368 323 378 317 373 315 299
add-station 194 0
add-car 194 242
add-car 194 212
add-car 194 246
add-car 194 197
add-car 194 231
add-car 194 192
add-car 194 197
add-car 194 241
add-car 194 226
add-car 194 209
add-car 194 217
add-car 194 236
add-car 194 239
add-car 194 240
add-car 194 231
add-station 2196 13 359 375 385 331 362 394 352 387 348 367 366 389 377
add-station 242 18 232 278 226 258 222 269 220 224 248 216 225 249 254 252 234 248 229 226
add-station 669 15 378 454 398 467 410 431 398 350 441 434 387 356 351 388 456
add-station 1104 18 325 262 312 244 264 317 327 314 257 300 280 260 257 245 321 298 277 320
add-car 2097 355
add-station 2628 17 205 193 200 179 224 171 182 228 208 177 201 220 215 225 226 185 216
add-station 1812 20 257 266 289 318 320 300 310 256 239 246 254 252 244 242 308 313 252 259 289 293
add-station 704 14 451 395 454 375 459 426 359 399 423 418 383 436 392 472
add-station 2190 20 322 313 391 400 344 355 343 406 351 370 325 375 333 321 329 395 363 337 311 374
add-station 2811 16 121 130 129 107 106 100 109 99 107 114 102 133 113 100 108 106
add-station 665 14 374 348 459 406 409 392 384 430 350 435 456 359 403 407
add-station 1602 14 165 184 177 199 199 185 166 200 151 170 185 153 192 174
add-station 1828 14 268 292 252 271 299 317 311 273 251 315 309 294 279 311
add-station 175 18 204 214 235 189 207 219 230 217 212 192 207 209 211 180 239 191 235 229
add-station 2163 17 385 305 305 327 331 370 339 316 306 322 355 310 376 305 313 329 333
add-station 2123 16 334 378 324 322 394 320 394 319 373 377 366 327 330 326 353 326
add-station 1295 13 228 216 200 225 237 205 188 226 241 184 190 221 214
add-station 2646 19 217 210 219 187 196 205 177 194 198 200 196 184 187 178 219 165 203 213 168
add-station 2147 21 348 391 392 355 392 304 341 366 339 346 322 372 388 339 343 349 323 325 359 371 387
add-station 2327 14 352 353 308 327 390 353 376 293 306 382 316 311 295 388
add-station 2505 14 245 238 294 271 232 291 296 234 253 255 280 265 226 226
add-station 2748 15 157 152 127 146 157 128 128 161 140 147 123 129 136 146 131
add-station 2014 18 375 345 343 327 352 289 288 308 375 334 386 341 355 335 335 357 316 329
add-station 318 20 76 1867 1135 1680 200 445 1825 35 152 2818 2042 1981 2276 1751 1907 31 2020 1795 1504 1695
add-station 2193 16 344 350 305 407 347 391 337 340 320 344 362 387 332 317 332 318
demolish-station 2622
add-station 2849 13 88 89 88 104 109 89 93 97 100 113 107 89 101
add-station 114 17 176 180 155 189 171 198 155 164 182 199 164 201 205 192 167 175 189
add-station 1040 18 359 266 313 359 305 351 270 284 357 354 324 281 327 330 313 271 303 329
add-station 2204 15 373 332 408 319 338 373 343 341 323 361 348 314 386 364 337
add-station 2848 13 102 86 92 111 101 113 86 106 94 84 85 113 104
add-station 898 19 325 323 400 344 396 387 398 357 399 318 370 425 349 373 381 386 371 402 373
add-station 584 17 385 400 429 363 401 404 428 420 347 394 426 391 355 384 425 388 432
add-station 1438 14 176 144 147 183 181 149 186 152 166 175 191 172 191 145
add-station 1526 16 161 132 140 157 134 147 152 139 162 120 159 135 131 129 137 137
add-station 3051 15 9 9 10 12 9 9 10 9 9 11 11 9 9 10 12
add-station 2250 0
add-car 2250 312
add-car 2250 327
add-car 2250 319
add-car 2250 307
add-car 2250 389
add-car 2250 377
add-car 2250 408
add-car 2250 307
add-car 2250 404
add-car 2250 388
add-car 2250 352
add-car 2250 388
add-car 2250 370
add-car 2250 392
add-car 2250 380
add-car 2250 312
add-car 2250 395
add-car 2250 310
add-car 2250 307
add-station 1190 22 267 283 274 278 262 288 240 289 240 268 271 221 257 258 257 250 243 224 221 270 246 238
add-station 2493 20 261 271 266 240 267 293 235 223 268 250 233 262 283 302 260 284 228 227 268 240
add-station 1024 16 299 337 294 352 366 315 295 295 280 356 353 350 350 278 295 332
add-station 2302 20 320 360 326 336 388 314 315 347 375 388 306 310 391 366 358 377 333 381 302 332
add-station 2228 14 312 371 385 303 338 367 404 316 316 343 379 319 397 384
add-station 2688 19 162 173 178 150 150 186 159 150 167 176 167 167 195 176 148 146 167 190 178
add-station 2146 16 338 315 344 307 302 377 372 325 357 386 362 354 353 311 358 347
add-station 1754 22 269 257 258 278 227 253 291 277 287 272 230 224 264 293 280 283 262 283 231 258 226 288
add-station 2750 17 147 124 131 162 146 123 161 141 158 123 157 148 156 148 148 135 158
scrap-car 2764 122
add-station 1913 0
add-car 1913 303
add-car 1913 351
add-car 1913 280
add-car 1913 301
add-car 1913 313
add-car 1913 283
add-car 1913 282
add-car 1913 270
add-car 1913 293
add-car 1913 304
add-car 1913 285
add-car 1913 330
add-car 1913 336
add-car 1913 276
add-car 1913 344
add-car 1913 304
add-station 2138 18 378 311 313 401 319 357 350 407 336 307 404 392 350 305 312 308 340 356
add-station 918 22 355 338 370 402 322 352 329 350 345 358 360 407 394 351 396 386 337 377 419 338 348 398
add-station 760 15 440 495 413 414 436 380 386 495 495 459 473 431 382 484 449
add-car 1478 2528
add-station 1895 18 351 328 316 269 303 352 291 348 292 343 296 299 314 353 294 267 314 289
add-station 1407 14 183 166 167 195 156 170 188 152 167 183 183 153 198 159
add-station 1859 13 258 252 332 314 321 259 316 252 332 317 322 333 321
add-station 820 13 351 432 399 395 449 430 461 430 377 371 423 412 445
add-station 1787 22 303 276 264 282 299 291 292 266 267 246 277 273 300 302 261 272 240 264 291 295 230 263
add-station 1665 19 209 243 180 236 185 200 217 199 243 198 217 187 181 207 216 232 208 224 194
add-station 1113 19 252 303 314 243 279 285 280 310 242 274 247 283 294 323 310 301 259 316 243
add-station 634 0
add-car 634 420
add-car 634 446
add-car 634 447
add-car 634 418
add-car 634 448
add-car 634 366
add-car 634 389
add-car 634 421
add-car 634 370
add-car 634 441
add-car 634 392
add-car 634 424
add-car 634 452
add-car 634 357
add-car 634 363
add-car 634 364
add-car 634 408
add-car 634 380
add-car 634 447
add-car 634 450
add-car 634 338
add-station 2807 18 117 108 117 125 129 122 129 114 128 113 106 130 111 122 117 120 100 101
add-station 481 0
add-car 481 313
add-car 481 350
add-car 481 310
add-car 481 333
add-car 481 299
add-car 481 370
add-car 481 342
add-car 481 390
add-car 481 356
add-car 481 367
add-car 481 305
add-car 481 334
add-car 481 296
add-station 807 20 359 475 449 401 364 389 412 465 386 391 421 421 474 411 441 466 366 479 409 365
add-station 2404 15 338 321 270 272 331 313 262 310 346 260 335 318 337 335 294
add-station 3074 21 1 0 1 0 0 0 0 1 0 0 0 0 1 0 1 1 0 0 1 1 0
add-station 1800 19 265 296 269 254 282 254 289 235 283 254 277 285 286 283 312 293 313 290 262
add-station 1856 13 271 337 336 288 278 310 253 297 306 286 303 272 339
add-station 1938 22 296 326 310 315 356 365 356 334 352 276 323 274 335 363 330 365 272 324 350 284 332 290
add-station 2047 0
add-car 2047 350
add-car 2047 370
add-car 2047 367
add-car 2047 322
add-car 2047 302
add-car 2047 306
add-car 2047 323
add-car 2047 358
add-car 2047 329
add-car 2047 324
add-car 2047 378
add-car 2047 348
add-car 2047 332
add-car 2047 349
add-car 2047 302
add-car 2047 379
add-car 2047 304
add-station 531 19 370 330 413 334 332 357 310 405 406 380 307 369 328 318 375 358 385 332 382
add-station 1629 17 208 172 207 166 184 187 174 185 197 194 191 199 221 203 174 168 188
add-station 1884 16 320 284 263 303 273 344 348 279 323 300 305 341 307 323 263 274
demolish-station 75
add-station 630 19 390 383 445 447 438 391 392 392 342 346 388 425 407 438 436 433 356 374 412
add-car 3051 21
add-car 3074 2
add-car 3072 21
plan-route 2965 69
