add-station 337 11 41 34 35 42 42 37 37 34 43 33 36
add-station 4 14 62 53 64 51 59 64 54 61 59 64 51 56 55 49
add-station 258 0
add-car 258 41
add-car 258 41
add-car 258 41
add-car 258 42
add-car 258 46
add-car 258 46
add-car 258 46
add-car 258 46
add-car 258 35
add-car 258 44
add-car 258 47
add-station 1063 0
add-car 1063 59
add-car 1063 69
add-car 1063 66
add-car 1063 62
add-car 1063 64
add-car 1063 70
add-car 1063 57
add-car 1063 62
add-car 1063 67
add-car 1063 65
add-car 1063 69
add-car 1063 70
add-car 1063 55
add-car 1063 58
add-station 1600 16 25 24 27 23 22 26 27 22 25 23 24 27 23 21 28 26
add-station 497 11 38 32 31 29 35 30 38 36 29 35 33
scrap-car 337 1826
add-station 297 16 45 34 36 42 37 46 46 34 41 35 35 34 39 42 41 41
demolish-station 337
demolish-station 647
add-station 1629 17 18 18 23 22 20 22 17 23 18 19 19 23 19 23 22 19 21
add-station 631 15 31 38 30 29 36 30 34 38 37 32 37 35 37 30 35
add-station 80 17 53 47 52 51 49 49 46 48 54 57 52 56 51 58 44 47 53
add-station 361 16 42 31 31 36 31 36 31 40 33 37 40 41 32 42 32 34
add-station 276 11 43 35 40 40 42 43 39 35 38 41 45
add-station 1675 16 12 11 13 15 12 12 13 15 11 13 15 13 11 12 11 11
add-station 1491 13 42 54 43 47 51 47 54 43 54 40 53 52 55
add-station 1244 17 81 75 78 84 75 86 83 84 91 70 84 77 90 71 87 71 80
add-station 706 16 36 36 37 35 38 38 33 33 33 36 38 34 32 29 36 32
add-station 182 14 51 41 45 39 46 53 40 45 53 53 47 43 42 41
add-station 1409 17 61 79 61 69 69 66 74 78 79 78 75 61 62 67 61 76 67
add-station 1390 15 71 73 68 66 70 85 67 67 73 75 76 85 79 70 75
add-station 429 10 31 33 34 31 34 30 36 34 29 36
add-station 1014 15 55 61 59 56 48 54 48 59 54 49 62 48 56 63 58
add-station 397 14 30 40 32 39 38 30 32 35 36 40 32 32 36 36
add-station 1602 13 21 25 22 23 28 24 21 24 26 27 25 21 24
demolish-station 1318
plan-route 1629 4
add-station 1459 14 61 60 60 52 58 63 53 58 61 56 47 59 62 55
add-station 713 0
add-car 713 33
add-car 713 38
add-car 713 37
add-car 713 32
add-car 713 35
add-car 713 33
add-car 713 39
add-car 713 32
add-car 713 33
add-car 713 36
add-car 713 33
add-car 713 38
add-car 713 33
add-car 713 36
add-station 1157 12 70 71 75 78 79 81 74 67 83 68 64 74
add-station 140 14 50 52 45 45 42 50 53 41 51 41 54 47 44 44
add-station 60 14 59 59 50 50 45 45 47 51 48 56 60 51 47 56
add-station 1127 12 80 79 76 68 77 63 66 82 80 66 67 68
add-station 656 11 29 36 29 36 31 39 38 37 31 33 39
scrap-car 706 36
add-station 697 10 32 29 34 30 32 33 39 31 37 37
add-station 937 10 42 37 43 36 44 42 38 40 36 41
add-station 178 15 50 51 44 45 44 51 43 39 53 42 40 42 48 48 39
add-station 1673 16 11 11 11 13 15 15 15 15 14 11 11 12 14 12 12 15
add-station 828 17 39 36 37 30 31 37 34 32 33 36 29 36 36 34 33 38 31
add-station 901 14 32 38 34 38 37 36 33 36 29 36 32 35 29 31
add-station 1706 16 10 11 9 10 10 9 8 11 9 11 10 10 10 10 8 9
add-station 1654 14 14 17 17 18 17 17 17 14 18 18 16 14 15 14
add-station 1649 11 19 17 17 17 18 18 15 18 19 18 14
add-station 1678 10 12 13 15 11 12 14 11 15 13 14
add-station 1681 11 12 11 14 14 11 12 14 12 13 14 14
scrap-car 497 32
add-station 311 16 45 34 33 45 45 42 45 39 45 36 44 41 39 39 35 41
add-station 593 15 38 34 36 33 39 37 33 31 35 29 36 33 34 31 32
add-station 1615 17 21 19 26 26 25 20 22 23 21 22 25 22 19 21 19 26 23
add-station 1084 17 76 63 69 61 72 65 58 72 67 74 58 75 70 60 72 66 73
add-station 1052 14 56 54 60 70 56 71 71 66 57 54 68 60 60 58
add-station 1578 14 31 25 24 30 28 31 29 30 25 26 27 32 33 28
add-station 786 10 37 39 39 31 38 37 35 34 38 30
add-station 1742 12 5 6 5 6 6 5 6 5 5 5 5 6
add-station 500 0
add-car 500 30
add-car 500 28
add-car 500 32
add-car 500 38
add-car 500 37
add-car 500 32
add-car 500 34
add-car 500 36
add-car 500 30
add-car 500 33
add-car 500 33
add-car 500 37
add-car 500 32
add-car 500 35
add-car 500 31
add-car 500 37
add-car 500 36
add-station 802 12 30 29 34 32 35 32 36 34 30 36 29 36
add-station 617 12 33 33 32 29 38 30 30 37 32 34 34 39
add-station 714 13 33 33 38 39 34 38 36 37 35 29 30 39 34
add-station 940 10 46 35 37 41 41 38 37 36 44 42
demolish-station 397
add-station 646 15 37 36 31 33 30 36 34 34 32 31 29 37 36 37 31
add-station 484 15 30 34 31 31 29 29 31 35 31 29 35 33 36 37 28
add-station 262 12 36 35 36 45 39 46 41 42 38 43 46 36
add-station 81 11 59 59 53 54 56 54 58 55 48 58 49
add-station 1288 12 88 88 84 87 93 78 90 84 84 81 87 90
add-station 1424 16 59 64 74 56 75 61 70 72 74 73 64 71 74 64 59 56
scrap-car 646 36
add-station 165 0
add-car 165 43
add-car 165 50
add-car 165 54
add-car 165 51
add-car 165 52
add-car 165 49
add-car 165 45
add-car 165 50
add-car 165 45
add-car 165 41
add-car 165 53
add-car 165 53
add-car 165 43
add-car 165 46
add-station 1737 10 5 7 6 7 6 5 5 7 6 5
add-station 477 12 37 32 30 30 34 34 35 32 34 30 32 32
add-station 389 12 41 35 30 32 40 30 38 35 41 33 31 38
add-station 1481 16 55 49 45 42 51 57 57 43 47 45 54 55 49 43 48 48
add-station 866 16 37 31 32 35 36 29 30 28 29 39 30 34 38 37 38 39
add-station 1601 0
add-car 1601 22
add-car 1601 25
add-car 1601 23
add-car 1601 22
add-car 1601 26
add-car 1601 25
add-car 1601 23
add-car 1601 24
add-car 1601 22
add-car 1601 26
add-car 1601 26
add-station 1418 10 57 68 68 73 69 59 77 73 64 59
demolish-station 1390
add-station 1759 16 5 4 5 3 3 5 3 5 4 5 4 5 5 4 4 3
add-station 570 12 29 34 35 33 28 38 39 29 34 35 31 31
add-station 904 17 31 38 32 32 37 31 29 35 30 29 28 33 33 31 30 38 33
add-station 1361 0
add-car 1361 94
add-car 1361 74
add-car 1361 88
add-car 1361 76
add-car 1361 73
add-car 1361 79
add-car 1361 90
add-car 1361 84
add-car 1361 71
add-car 1361 91
add-car 1361 92
add-car 1361 84
add-car 1361 92
add-car 1361 77
add-car 1361 86
add-car 1361 76
add-station 720 10 30 29 33 36 35 32 35 37 29 34
add-station 432 13 34 30 28 38 28 31 37 36 31 31 32 35 32
add-station 563 17 31 28 29 36 30 34 36 30 28 34 36 38 33 29 38 38 34
add-station 320 11 44 38 44 37 34 43 43 36 39 37 39
add-station 1238 16 93 71 77 78 87 69 85 93 77 72 81 81 72 93 74 82
add-station 1520 12 36 46 42 43 41 41 36 39 43 41 39 39
add-station 973 14 46 48 40 53 44 40 42 48 45 52 54 46 49 45
add-station 256 15 37 47 36 47 43 46 41 42 41 44 41 47 44 47 43
add-station 206 11 44 49 46 47 48 39 40 38 44 51 44
add-station 614 12 35 32 38 37 37 34 39 32 36 33 30 32
demolish-station 484
add-station 1499 16 39 50 52 42 49 53 48 51 41 43 44 40 40 50 44 52
scrap-car 1520 1826
add-station 852 14 37 28 30 28 29 37 30 34 28 28 29 34 28 35
add-station 1217 16 82 82 79 72 83 82 87 68 79 73 78 90 85 81 82 75
add-station 1447 15 50 56 56 58 51 60 58 68 67 50 66 50 56 68 58
add-station 1696 12 9 9 11 11 10 9 9 12 9 12 9 11
add-station 945 13 38 44 40 45 42 45 40 35 46 47 35 39 45
add-station 887 11 38 36 36 36 30 31 29 37 33 29 34
add-station 977 17 50 54 44 53 49 50 44 55 53 40 48 53 47 44 43 41 51
add-station 116 0
add-car 116 43
add-car 116 44
add-car 116 51
add-car 116 51
add-car 116 54
add-car 116 53
add-car 116 49
add-car 116 46
add-car 116 47
add-car 116 43
add-car 116 55
add-car 116 45
add-car 116 53
add-car 116 43
scrap-car 1654 17
demolish-station 1119
add-station 975 11 40 41 49 45 54 54 45 43 45 43 48
add-station 969 0
add-car 969 41
add-car 969 45
add-car 969 44
add-car 969 41
add-car 969 49
add-car 969 49
add-car 969 48
add-car 969 39
add-car 969 50
add-car 969 52
add-station 268 16 44 38 45 41 40 36 48 37 35 45 37 39 44 40 43 39
add-car 178 44
plan-route 4 1742
add-station 770 11 31 33 38 39 37 38 36 30 34 37 35
add-station 535 12 32 32 29 32 34 35 37 31 31 32 34 28
add-station 1354 17 74 85 82 85 85 74 86 76 91 94 82 81 83 69 79 85 76
add-station 151 17 46 41 50 43 44 55 40 42 52 53 54 55 54 46 50 43 53
add-station 1611 11 23 21 19 23 24 19 22 25 19 23 22
add-station 322 12 40 33 42 38 44 37 42 42 33 42 33 43
add-station 1200 14 87 90 83 77 88 73 88 67 87 84 88 68 85 75
add-station 138 14 41 49 49 52 43 44 53 47 47 55 49 53 43 52
add-station 555 10 37 32 34 34 31 34 36 33 30 32
add-station 355 15 33 42 38 39 37 42 38 37 37 31 38 39 36 33 39
demolish-station 320
add-station 1067 11 57 58 65 69 67 64 54 68 64 73 61
add-station 1348 10 91 83 84 74 70 90 87 87 70 76
add-station 1593 17 23 26 30 24 30 24 25 27 29 27 29 24 28 27 24 27 23
demolish-station 1678
plan-route 116 1578
add-station 1728 0
add-car 1728 8
add-car 1728 6
add-car 1728 7
add-car 1728 8
add-car 1728 7
add-car 1728 7
add-car 1728 6
add-car 1728 6
add-car 1728 7
add-car 1728 6
add-car 1728 8
add-car 1728 7
add-car 1728 6
add-car 1728 7
add-car 1728 7
add-car 1728 7
add-station 1056 16 68 68 66 68 57 69 69 56 65 71 72 61 70 65 53 60
add-station 1536 13 38 42 33 42 42 35 32 39 40 38 40 34 32
add-station 993 11 53 49 44 58 44 44 58 43 57 58 54
add-station 1494 15 43 46 47 43 44 43 48 45 43 46 54 41 44 40 49
add-station 843 12 34 28 36 37 32 29 35 39 35 34 36 30
add-station 662 0
add-car 662 37
add-car 662 29
add-car 662 34
add-car 662 29
add-car 662 31
add-car 662 34
add-car 662 37
add-car 662 34
add-car 662 37
add-car 662 30
add-car 662 32
add-car 662 35
add-car 662 36
add-station 1761 0
add-car 1761 4
add-car 1761 3
add-car 1761 4
add-car 1761 3
add-car 1761 3
add-car 1761 3
add-car 1761 3
add-car 1761 3
add-car 1761 3
add-car 1761 4
add-car 1761 4
add-car 1761 3
add-car 1761 4
add-station 1335 10 88 82 89 95 83 82 82 95 80 71
add-station 1787 15 1 2 2 1 2 2 1 2 2 1 1 1 1 1 1
add-station 1040 14 54 67 66 60 62 58 54 57 54 62 67 51 65 68
add-station 745 15 30 39 37 32 31 37 32 36 33 29 39 35 30 32 33
add-station 1632 10 20 21 18 17 22 21 18 18 16 18
add-station 201 13 52 52 43 44 40 41 47 47 43 46 51 41 52
add-station 1607 17 23 26 21 23 23 27 21 27 25 27 24 23 23 22 26 26 23
add-station 1558 0
add-car 1558 32
add-car 1558 28
add-car 1558 36
add-car 1558 34
add-car 1558 36
add-car 1558 38
add-car 1558 37
add-car 1558 32
add-car 1558 28
add-car 1558 34
add-car 1558 29
add-car 1558 36
add-car 1558 35
add-car 1558 29
add-car 1558 35
add-car 1558 28
add-station 107 13 52 43 54 44 51 42 47 46 50 49 44 50 44
add-station 1010 14 51 61 57 55 48 46 59 55 58 61 53 47 61 59
add-station 670 16 38 36 38 29 31 35 30 30 33 34 29 31 36 30 39 39
add-station 459 12 27 29 37 28 35 27 37 31 37 28 27 36
add-station 1608 17 22 23 23 24 21 25 26 21 20 22 23 27 26 25 22 24 22
add-station 85 10 58 51 53 47 59 46 55 45 43 54
add-station 1572 0
add-car 1572 35
add-car 1572 26
add-car 1572 34
add-car 1572 35
add-car 1572 31
add-car 1572 32
add-car 1572 26
add-car 1572 27
add-car 1572 27
add-car 1572 35
add-car 1572 33
add-car 1572 34
add-car 1572 35
add-car 1572 29
add-car 1572 29
add-car 1572 31
add-car 1572 28
plan-route 60 1787
add-station 914 10 37 35 34 36 28 35 30 33 29 38
add-station 39 11 58 52 53 54 60 58 56 53 61 46 47
add-station 230 13 48 39 45 39 40 42 42 46 50 38 40 47 38
add-station 589 16 30 35 39 31 37 32 32 32 36 29 35 38 38 33 38 35
plan-route 4 1696
add-station 1713 12 9 9 9 8 8 7 8 9 7 7 8 10
add-station 1468 17 56 54 52 45 60 54 46 45 51 45 51 55 45 61 51 50 59
add-station 1457 10 49 57 50 58 55 55 63 65 54 59
add-station 1591 16 25 26 25 29 24 27 27 30 22 29 22 26 23 24 27 28
add-station 445 14 29 28 38 36 35 37 36 37 29 38 33 29 29 31
add-station 1170 13 73 66 76 83 75 72 70 76 78 88 77 68 68
add-station 1687 0
add-car 1687 10
add-car 1687 13
add-car 1687 13
add-car 1687 10
add-car 1687 13
add-car 1687 11
add-car 1687 12
add-car 1687 11
add-car 1687 12
add-car 1687 12
add-car 1687 12
add-car 1687 13
add-car 1687 10
add-car 1687 11
add-car 1687 11
add-car 1687 13
add-car 1687 10
plan-route 1706 262
add-station 809 10 39 37 37 38 30 31 37 39 34 37
add-station 241 15 38 38 41 39 45 37 49 43 44 43 49 47 44 48 39
add-station 382 11 40 33 37 32 37 38 39 40 33 32 32
add-station 1292 16 86 70 76 76 95 90 93 93 70 80 94 94 74 92 91 90
demolish-station 786
add-station 799 11 35 36 38 33 34 33 31 36 36 31 30
add-station 104 17 47 43 45 56 56 44 54 42 58 46 48 56 57 43 48 50 42
add-station 620 12 35 31 32 37 30 34 31 39 30 33 32 39
add-station 1657 15 16 18 17 18 15 18 15 17 13 16 18 18 15 18 16
add-station 1395 11 75 76 67 84 70 69 71 79 84 69 83
add-station 1355 0
add-car 1355 75
add-car 1355 84
add-car 1355 93
add-car 1355 81
add-car 1355 86
add-car 1355 74
add-car 1355 75
add-car 1355 70
add-car 1355 90
add-car 1355 81
add-car 1355 71
add-car 1355 92
add-car 1355 78
add-car 1355 91
add-car 1355 73
add-car 1355 94
add-car 1355 76
add-station 27 11 53 52 46 51 61 63 52 58 60 46 47
add-station 1109 17 78 80 66 80 66 64 61 78 59 63 69 63 60 62 67 73 64
add-station 649 17 37 39 33 35 33 39 32 38 36 32 34 37 29 35 29 35 39
add-car 1742 17
add-car 1713 15
add-car 1787 26
add-car 1673 16
add-car 429 40
add-car 1759 17
add-car 1737 9
add-car 1728 15
add-car 1761 26
plan-route 80 1601
