add-station 907 10 109 86 100 87 108 102 91 113 86 92
add-station 1071 13 106 116 92 89 98 92 88 96 94 94 94 114 115
add-station 398 15 69 60 69 57 54 57 67 59 71 67 58 58 68 61 55
add-station 575 15 99 98 104 118 122 124 105 99 98 94 121 101 96 123 124
add-station 875 0
add-car 875 108
add-car 875 107
add-car 875 110
add-car 875 96
add-car 875 93
add-car 875 119
add-car 875 105
add-car 875 97
add-car 875 108
add-car 875 91
add-car 875 115
add-car 875 100
add-car 875 93
add-car 875 102
add-car 875 113
add-station 1202 10 72 77 87 88 92 90 79 85 75 75
add-station 875 11 1227 80 233 1020 19 269 506 1053 572 1024 325
add-station 34 9 23 26 25 23 19 24 23 22 22
add-station 640 10 105 111 137 132 136 105 120 102 117 125
add-station 1028 11 90 103 84 86 90 111 96 108 101 99 83
add-station 1301 15 16 14 17 19 18 15 15 14 16 17 15 19 15 18 19
add-station 697 0
add-car 697 138
add-car 697 136
add-car 697 118
add-car 697 108
add-car 697 139
add-car 697 131
add-car 697 110
add-car 697 108
add-car 697 125
add-car 697 122
add-car 697 104
add-car 697 113
add-station 943 9 105 83 99 89 95 86 105 92 84
add-station 589 13 123 102 120 108 114 103 123 108 103 116 122 120 116
add-station 379 13 50 56 58 58 54 48 60 48 62 52 50 64 59
add-station 6 0
add-car 6 21
add-car 6 19
add-car 6 23
add-car 6 22
add-car 6 19
add-car 6 21
add-car 6 19
add-car 6 20
add-car 6 17
add-car 6 22
add-car 6 23
add-car 6 17
add-car 6 23
add-station 53 0
add-car 53 27
add-car 53 26
add-car 53 23
add-car 53 21
add-car 53 23
add-car 53 22
add-car 53 21
add-car 53 27
add-car 53 26
add-car 53 25
add-car 53 25
add-car 53 20
add-car 53 21
add-car 53 24
plan-route 1301 53
add-station 589 14 1273 619 879 1256 446 715 850 97 24 816 816 1038 167 854
plan-route 1202 6
add-station 1210 0
add-car 1210 77
add-car 1210 68
add-car 1210 87
add-car 1210 87
add-car 1210 84
add-car 1210 83
add-car 1210 81
add-car 1210 65
add-station 1031 14 89 111 107 89 109 94 106 110 83 103 103 84 105 103
add-station 808 9 100 105 109 109 125 121 128 103 120
add-station 1279 11 31 34 29 34 37 33 34 38 38 35 33
add-station 240 13 29 34 33 37 30 33 30 30 29 37 38 32 38
add-station 101 10 25 24 23 31 31 28 29 24 27 29
add-station 158 8 25 26 32 33 34 31 31 34
add-station 253 0
add-car 253 37
add-car 253 37
add-car 253 34
add-car 253 34
add-car 253 30
add-car 253 33
add-car 253 30
add-car 253 33
add-car 253 33
add-car 253 38
add-car 253 29
add-station 1318 13 3 2 3 2 3 2 2 3 2 3 3 2 2
add-station 4 11 23 24 20 17 24 24 20 17 18 24 23
add-station 276 13 40 37 36 35 35 36 36 40 36 32 37 30 36
add-station 207 13 31 36 29 32 36 34 35 34 35 29 37 28 30
plan-route 6 1301
add-station 928 13 109 85 87 84 96 98 93 95 96 102 90 84 98
add-station 382 15 55 58 63 48 57 48 57 49 60 54 50 63 62 57 50
add-station 894 13 106 108 95 107 95 90 97 112 97 105 111 115 115
add-station 1261 14 48 46 48 49 44 47 47 43 41 46 41 54 51 40
add-station 118 14 29 24 24 24 32 28 30 28 26 24 29 29 28 27
add-station 509 9 92 96 102 94 110 84 94 97 85
add-station 1057 8 96 110 88 107 99 101 92 94
add-station 1070 14 104 88 100 88 116 94 103 113 95 91 113 112 89 115
add-station 50 8 27 23 26 25 22 27 27 25
plan-route 1301 6
plan-route 1070 34
add-station 1248 12 52 64 49 56 62 55 49 55 56 62 52 48
add-station 804 10 109 107 110 96 116 125 106 99 104 98
add-station 500 13 99 79 92 79 83 82 80 87 106 92 82 101 107
add-station 338 15 35 38 41 45 34 41 40 34 43 40 39 42 42 45 37
add-station 737 11 134 130 136 116 135 115 130 127 128 133 121
add-station 861 13 90 89 113 104 99 114 89 97 101 105 100 99 112
add-station 1171 9 81 94 96 95 81 85 97 79 92
add-station 806 14 113 113 107 103 107 106 119 98 110 109 122 110 126 104
add-station 754 0
add-car 754 102
add-car 754 107
add-car 754 129
add-car 754 117
add-car 754 131
add-car 754 112
add-car 754 117
add-car 754 112
add-car 754 101
add-car 754 111
add-station 587 9 100 95 121 117 120 104 113 120 111
add-station 475 11 78 76 88 84 81 77 76 79 96 85 87
demolish-station 1320
add-station 434 14 86 77 66 69 72 64 78 84 83 74 70 64 81 63
add-station 832 0
add-car 832 115
add-car 832 114
add-car 832 112
add-car 832 114
add-car 832 113
add-car 832 98
add-car 832 92
add-car 832 121
add-car 832 94
add-car 832 122
add-station 1077 13 91 97 102 102 113 119 93 110 103 95 109 92 119
add-station 958 9 90 82 80 81 102 85 87 87 77
add-station 1123 12 94 109 108 100 106 86 94 88 102 94 87 102
add-station 1004 10 94 94 99 102 92 95 79 85 102 76
add-station 464 15 84 94 82 93 95 73 83 76 77 79 73 77 95 95 85
add-station 40 9 22 24 25 19 21 20 21 24 23
add-station 1263 15 40 47 43 45 41 50 52 41 51 41 49 49 47 48 47
add-station 898 12 88 110 112 112 87 97 104 91 107 87 113 109
add-station 134 14 26 31 25 33 30 33 30 30 28 29 32 29 30 25
add-station 181 9 35 26 31 33 36 29 29 26 36
add-station 680 10 137 140 134 133 107 126 107 136 133 123
add-station 474 9 79 98 84 80 97 79 98 95 74
plan-route 101 1202
add-station 663 10 121 132 119 131 126 114 113 110 116 109
add-station 30 15 26 20 26 19 21 19 23 22 22 24 21 24 23 22 20
scrap-car 50 317
add-station 1203 14 89 74 84 77 75 84 83 72 68 90 70 76 83 87
add-station 826 12 125 101 114 119 105 99 98 119 117 100 106 106
demolish-station 506
add-station 998 15 91 87 76 86 75 93 89 89 78 75 90 89 98 84 87
add-station 35 0
add-car 35 25
add-car 35 22
add-car 35 25
add-car 35 20
add-car 35 21
add-car 35 23
add-car 35 20
add-car 35 23
add-car 35 24
add-car 35 22
add-car 35 22
add-car 35 25
add-car 35 19
add-car 35 21
add-station 191 0
add-car 191 31
add-car 191 30
add-car 191 33
add-car 191 29
add-car 191 28
add-car 191 27
add-car 191 31
add-car 191 31
add-car 191 29
add-car 191 34
add-car 191 27
add-car 191 29
add-car 191 27
add-car 191 32
add-car 191 28
add-station 415 12 67 59 79 77 62 71 78 70 62 61 60 77
add-station 671 11 141 132 132 137 124 104 113 114 132 111 107
add-station 1105 10 118 92 102 117 89 110 105 99 110 112
add-station 511 12 99 92 110 95 91 82 86 83 98 93 83 101
add-station 293 8 34 36 32 35 32 41 32 35
add-station 717 13 105 120 113 106 113 112 129 131 131 124 115 127 133
add-station 1252 8 61 58 58 56 57 48 55 61
add-station 408 0
add-car 408 69
add-car 408 63
add-car 408 67
add-car 408 72
add-car 408 71
add-car 408 74
add-car 408 70
add-car 408 65
add-car 408 71
add-car 408 67
add-car 408 59
add-car 408 64
add-station 99 12 26 29 24 31 27 27 29 25 24 25 31 28
add-station 259 10 38 30 39 37 35 34 39 34 36 40
add-station 1208 11 78 77 65 78 67 80 75 65 76 88 65
add-station 995 9 92 79 74 76 87 82 80 98 79
add-station 667 11 106 129 129 124 116 139 129 133 111 110 140
add-station 413 0
add-car 413 67
add-car 413 58
add-car 413 63
add-car 413 65
add-car 413 67
add-car 413 78
add-car 413 77
add-car 413 73
add-car 413 69
add-car 413 69
add-car 413 59
add-car 413 60
add-car 413 76
add-car 413 59
add-car 1029 3
add-station 1005 9 82 81 89 77 102 86 98 97 87
add-station 338 15 707 746 762 511 768 911 330 1084 864 125 154 38 415 925 234
plan-route 1171 134
add-station 1245 14 61 66 63 55 50 48 52 54 55 51 51 50 52 64
add-station 1120 9 113 88 100 110 94 117 89 114 104
add-station 400 0
add-car 400 56
add-car 400 73
add-car 400 57
add-car 400 61
add-car 400 68
add-car 400 55
add-car 400 68
add-car 400 64
add-car 400 60
add-car 400 61
add-car 400 69
add-station 140 11 28 28 27 30 29 30 31 26 26 33 31
add-station 1024 9 96 107 92 81 94 94 97 83 87
add-station 193 10 30 36 35 32 27 27 35 29 33 34
add-station 332 9 37 39 36 39 35 33 33 34 42
add-station 84 15 25 25 24 29 26 29 23 27 23 30 24 23 30 30 27
add-station 484 10 91 79 86 102 95 81 83 79 90 94
add-station 168 12 28 26 26 34 31 34 33 33 34 35 26 34
add-station 1231 11 71 56 58 55 63 55 62 62 60 59 73
add-station 1192 11 88 75 81 88 80 86 89 74 86 84 95
add-station 1074 10 88 101 118 107 97 111 92 105 97 89
add-station 899 13 111 86 109 114 90 109 92 95 109 112 87 113 109
add-station 313 15 32 35 38 35 40 38 35 37 40 37 32 37 40 37 38
add-station 1266 0
add-car 1266 42
add-car 1266 37
add-car 1266 44
add-car 1266 50
add-car 1266 50
add-car 1266 48
add-car 1266 48
add-car 1266 46
add-car 1266 46
add-car 1266 45
add-car 1266 46
add-car 1266 44
add-car 1266 44
add-car 1266 38
add-car 1266 39
add-station 1077 8 685 349 361 705 1319 337 31 1139
add-station 1117 10 104 117 116 97 99 107 114 96 101 111
add-station 905 8 105 111 99 109 112 96 111 109
add-station 683 14 109 116 123 131 112 119 115 115 122 115 127 127 116 140
add-station 178 0
add-car 178 28
add-car 178 30
add-car 178 36
add-car 178 28
add-car 178 28
add-car 178 34
add-car 178 32
add-car 178 35
add-car 178 29
add-car 178 34
add-car 178 28
add-car 178 34
add-car 178 28
add-car 178 29
add-car 178 35
add-station 735 8 129 103 103 130 125 101 122 126
add-station 684 13 128 120 110 109 115 136 133 133 139 105 106 124 104
add-station 957 8 77 80 97 97 93 83 77 79
add-station 629 9 101 113 119 116 108 132 130 113 133
add-station 410 11 77 67 66 60 63 66 58 60 66 76 59
add-station 95 8 28 27 28 28 27 25 24 25
add-station 225 9 35 29 34 34 35 34 28 35 34
add-station 614 8 113 102 133 132 127 120 114 110
add-station 164 9 32 26 28 35 35 31 27 30 30
add-car 1301 22
add-car 1318 17
add-car 84 31
add-car 6 24
add-car 53 31
plan-route 1279 140
