add-station 779 14 369 364 311 394 389 376 392 410 401 340 337 348 401 325
add-station 636 13 329 281 294 353 315 346 315 287 341 278 319 301 276
add-station 460 16 222 255 225 236 208 248 206 277 205 232 230 277 252 216 258 257
add-station 1637 18 126 120 110 130 101 104 117 105 125 111 112 104 103 131 103 130 122 101
add-station 356 18 176 238 216 176 207 198 184 211 205 177 225 218 215 238 211 199 188 215
add-station 213 14 137 138 164 137 150 137 160 131 169 169 131 140 146 132
add-station 1422 11 176 179 167 182 203 159 199 174 162 211 211
add-station 1203 18 284 344 329 264 302 260 323 267 336 300 266 287 305 293 330 283 333 331
add-station 1010 16 378 365 391 345 455 456 382 360 356 348 400 346 345 456 391 426
add-station 121 13 102 117 119 103 105 125 102 113 106 99 119 108 113
add-station 1400 16 165 215 223 197 197 194 191 218 191 219 189 183 188 192 210 201
add-station 1517 17 140 152 129 126 146 154 132 144 145 133 125 121 144 130 160 126 132
add-station 1821 13 96 102 104 78 101 79 92 95 104 97 94 98 88
add-station 1483 16 146 146 177 167 167 163 149 162 151 159 178 139 161 150 147 168
add-station 298 18 161 194 183 162 175 182 212 190 160 176 194 208 197 171 183 160 177 192
add-station 1075 14 373 379 342 332 395 421 373 350 357 359 400 365 385 350
add-station 438 16 202 242 206 253 246 258 228 219 232 222 247 214 236 252 247 200
add-station 233 14 149 144 166 178 157 146 172 165 172 163 182 156 137 184
add-station 1750 18 104 104 104 102 101 91 105 91 104 121 91 110 118 102 115 100 97 114
add-station 998 18 387 350 404 441 405 425 358 400 388 451 365 456 409 370 360 363 441 419
add-station 1609 14 118 112 132 106 116 121 114 134 135 131 106 121 135 108
add-station 1870 10 83 84 82 68 82 85 86 75 79 72
add-station 964 11 452 435 451 373 396 432 403 415 431 337 427
add-station 348 14 187 185 222 228 201 234 182 231 185 212 232 219 231 227
add-station 1510 15 152 135 164 126 132 164 129 140 126 165 163 133 125 167 158
add-station 826 13 396 401 414 388 401 338 421 392 351 408 349 356 331
add-station 12 15 50 61 50 52 55 58 46 51 61 61 56 45 58 53 45
add-station 401 12 241 248 198 197 199 212 197 194 210 220 246 221
add-car 1075 429
add-station 895 18 352 346 344 410 327 328 405 365 357 363 438 429 345 400 404 366 431 358
scrap-car 964 452
add-station 1439 14 180 163 154 199 170 182 201 178 166 175 196 161 197 175
add-station 1865 0
add-car 1865 84
add-car 1865 91
add-car 1865 88
add-car 1865 93
add-car 1865 83
add-car 1865 74
add-car 1865 76
add-car 1865 90
add-car 1865 80
add-car 1865 86
add-car 1865 88
add-car 1865 76
add-car 1865 85
add-station 1271 15 225 269 261 247 298 280 292 251 266 266 240 274 255 284 243
add-station 587 10 318 274 256 303 272 283 255 304 298 281
add-car 1765 492
add-station 145 10 120 138 113 113 118 104 116 121 108 117
add-station 182 15 124 135 144 144 125 129 133 155 144 128 141 119 134 144 140
add-station 263 15 151 158 148 178 179 198 189 151 165 152 175 194 185 161 148
add-station 840 10 413 329 320 325 398 398 369 353 422 323
add-station 1098 11 335 370 358 408 406 391 353 347 419 399 395
add-station 508 12 291 281 239 270 266 285 253 227 223 277 254 250
add-station 706 18 314 381 327 286 372 384 354 341 311 297 318 361 349 376 336 382 385 341
add-station 573 17 244 289 247 248 283 287 249 241 277 309 240 298 317 300 290 264 310
add-station 1680 13 118 125 104 99 124 116 111 132 100 101 126 99 120
add-station 311 15 174 210 202 169 202 188 178 219 173 217 197 169 210 206 190
add-station 371 17 228 219 192 231 214 212 226 182 197 244 185 183 194 229 181 217 230
add-station 1796 12 89 100 103 88 109 101 84 93 103 85 91 95
add-station 661 0
add-car 661 302
add-car 661 341
add-car 661 348
add-car 661 276
add-car 661 295
add-car 661 329
add-car 661 335
add-car 661 331
add-car 661 331
add-car 661 313
add-car 661 352
add-car 661 300
add-car 661 322
add-car 661 305
add-station 1243 15 295 295 243 265 244 260 297 290 288 305 265 314 314 299 269
add-station 221 17 140 150 176 149 138 178 136 155 171 173 153 176 139 170 160 140 144
add-station 165 18 128 142 139 119 140 130 117 114 142 139 120 120 140 115 127 123 112 113
add-station 630 14 315 351 335 325 343 297 308 306 275 287 310 269 342 285
add-station 1502 18 129 163 129 150 152 143 168 137 133 166 140 157 127 164 135 143 139 154
add-station 1151 16 291 309 363 305 318 378 324 378 314 361 282 349 312 353 367 338
add-station 1532 14 119 123 137 129 132 121 116 141 149 144 142 153 139 137
scrap-car 1400 201
add-station 1255 16 291 250 298 295 240 241 252 277 257 311 297 268 248 286 265 240
add-station 264 11 174 187 150 196 197 149 187 164 174 148 165
add-station 556 15 258 234 264 271 285 261 271 310 247 294 300 252 260 268 233
plan-route 221 1680
scrap-car 306 484
add-station 1584 15 106 139 125 118 140 108 136 117 136 132 121 126 114 135 121
add-station 1175 17 333 364 324 280 288 304 301 354 336 325 316 298 292 347 297 325 298
add-station 839 12 423 392 340 397 426 401 397 374 327 406 365 331
add-station 1168 16 359 326 327 273 293 344 275 352 334 275 292 298 315 277 348 354
scrap-car 1271 274
add-station 1019 10 436 365 353 353 367 362 447 404 363 419
add-station 304 14 209 207 183 212 170 170 200 203 186 184 168 198 196 181
add-station 144 10 133 130 108 104 138 107 113 111 137 112
add-station 987 13 385 441 408 369 442 449 434 438 418 453 457 341 379
add-station 2049 10 18 16 16 19 18 15 20 20 20 15
add-station 860 12 391 325 379 363 410 399 321 400 338 329 403 337
add-station 1992 18 34 36 40 42 41 41 40 46 36 37 44 34 43 42 46 34 34 38
add-station 1717 16 115 105 116 127 128 96 123 123 113 119 107 108 96 106 102 119
add-station 1389 16 208 198 225 187 207 214 172 171 219 184 193 188 228 177 230 200
add-car 24 578
add-station 1343 13 254 243 194 189 198 201 221 217 252 252 208 229 204
add-station 1466 12 142 178 167 178 146 159 154 152 139 167 154 147
scrap-car 1263 1077
add-station 242 16 162 149 149 182 160 156 170 156 145 145 166 180 165 148 179 153
add-station 551 18 268 263 264 286 298 262 232 277 313 259 287 247 251 296 270 239 255 260
add-station 101 10 109 98 99 91 108 89 106 106 93 88
add-station 1525 0
add-car 1525 132
add-car 1525 142
add-car 1525 131
add-car 1525 133
add-car 1525 136
add-car 1525 128
add-car 1525 144
add-car 1525 132
add-car 1525 128
add-car 1525 150
add-car 1525 130
add-car 1525 146
add-car 1525 128
add-car 1525 152
add-car 1525 154
add-car 1525 123
add-car 1525 154
add-station 933 18 428 412 401 409 351 422 404 366 358 427 342 442 343 427 353 376 436 434
demolish-station 1686
add-station 1773 13 96 116 89 104 117 87 95 113 97 93 103 98 109
add-station 1020 16 404 370 431 350 436 359 349 365 376 372 441 363 441 367 389 392
add-station 1993 12 39 41 37 37 40 43 35 36 40 34 36 41
add-station 61 18 81 88 72 78 82 81 89 79 75 77 73 79 85 77 68 78 85 91
add-station 536 12 241 291 291 237 297 265 236 300 263 298 266 296
add-station 1275 17 275 267 280 272 271 263 242 258 286 254 238 258 253 290 255 285 225
demolish-station 594
add-station 775 13 366 373 322 394 391 339 314 377 377 343 375 362 346
add-station 2058 17 14 12 11 14 14 14 11 13 15 15 15 14 13 12 11 15 14
add-station 1952 16 54 62 50 50 60 54 58 51 46 61 56 61 54 55 58 47
add-car 1389 172
add-station 539 17 244 261 303 245 293 228 274 241 297 269 246 293 235 251 232 296 260
add-station 1254 14 244 262 242 263 279 296 244 271 305 256 279 300 252 235
add-station 755 17 401 374 379 350 306 341 377 312 364 331 394 371 358 363 394 351 362
add-station 986 18 451 378 406 413 410 434 383 397 388 348 401 346 444 342 413 380 350 451
add-station 916 0
add-car 916 392
add-car 916 430
add-car 916 421
add-car 916 338
add-car 916 387
add-car 916 352
add-car 916 445
add-car 916 390
add-car 916 426
add-car 916 389
add-car 916 392
add-car 916 400
add-car 916 427
add-car 916 354
add-car 916 338
add-car 916 353
add-car 916 331
add-station 1789 17 87 96 104 84 114 96 90 97 101 112 108 98 94 103 104 102 111
add-station 1216 13 301 270 301 322 292 317 322 331 290 318 275 313 332
add-station 1123 12 402 354 339 326 376 384 397 372 313 301 387 312
scrap-car 1588 338
demolish-station 2061
add-station 1889 15 70 79 71 82 64 66 81 79 71 67 69 65 86 84 78
add-station 491 0
add-car 491 240
add-car 491 263
add-car 491 237
add-car 491 240
add-car 491 285
add-car 491 234
add-car 491 235
add-car 491 283
add-car 491 245
add-car 491 221
add-station 609 13 310 332 266 279 255 255 298 281 282 337 321 332 271
add-station 1041 11 390 374 461 369 364 397 451 443 385 353 461
add-station 1944 18 58 59 53 57 58 61 66 62 51 62 66 53 56 64 58 53 49 55
add-station 735 11 340 366 350 323 390 295 327 317 342 374 309
add-station 1125 11 372 363 338 357 366 392 369 349 312 357 314
add-station 815 14 376 354 357 385 372 408 421 381 342 411 325 384 315 329
add-station 1721 17 112 114 107 101 113 109 115 96 114 115 124 112 107 103 117 119 107
add-station 920 13 340 368 374 369 393 417 352 393 417 440 418 351 430
add-station 847 17 382 360 373 380 343 376 370 404 394 390 327 417 431 419 350 324 393
add-station 1009 18 350 340 389 341 433 361 400 371 404 344 385 372 407 388 436 400 357 378
add-station 1403 13 171 193 182 166 198 214 190 198 202 164 193 221 213
add-station 2089 12 0 0 0 0 0 0 1 1 1 1 0 0
add-station 1897 12 63 61 80 81 83 76 62 75 70 73 61 67
add-station 2018 14 33 28 31 33 26 28 35 32 35 28 34 26 31 28
add-station 1157 12 319 326 367 282 293 375 323 364 340 304 351 314
add-station 1080 10 410 371 322 422 399 346 378 425 330 360
add-station 607 17 273 269 270 321 282 315 255 282 342 292 314 266 305 293 255 335 320
add-station 1939 14 67 53 51 54 54 56 66 54 59 52 64 63 53 53
add-station 1994 13 40 37 42 41 36 40 40 45 36 34 34 40 39
add-car 1168 288
demolish-station 218
add-station 1252 17 255 267 236 280 295 288 262 301 260 308 287 265 307 233 247 247 249
add-station 1521 11 147 142 160 155 126 127 149 153 120 126 127
add-station 824 0
add-car 824 362
add-car 824 366
add-car 824 342
add-car 824 320
add-car 824 410
add-car 824 334
add-car 824 418
add-car 824 358
add-car 824 386
add-car 824 365
add-car 824 408
add-car 824 414
add-car 824 335
add-station 2050 0
add-car 2050 18
add-car 2050 17
add-car 2050 14
add-car 2050 16
add-car 2050 18
add-car 2050 14
add-car 2050 16
add-car 2050 16
add-car 2050 16
add-car 2050 16
add-car 2050 14
add-car 2050 14
add-car 2050 19
add-car 2050 19
add-car 2050 17
add-car 2050 16
add-car 2050 19
add-station 1470 11 180 173 162 172 166 169 150 156 158 186 159
add-station 246 12 160 147 159 175 153 182 151 159 178 172 162 143
add-station 715 13 378 357 381 329 372 317 368 309 365 300 377 371 376
add-station 858 12 400 429 346 398 327 345 420 372 396 357 407 379
add-station 1265 0
add-car 1265 252
add-car 1265 259
add-car 1265 230
add-car 1265 258
add-car 1265 277
add-car 1265 262
add-car 1265 247
add-car 1265 234
add-car 1265 304
add-car 1265 267
add-car 1265 262
add-car 1265 305
add-station 1662 0
add-car 1662 114
add-car 1662 129
add-car 1662 124
add-car 1662 131
add-car 1662 135
add-car 1662 131
add-car 1662 133
add-car 1662 129
add-car 1662 131
add-car 1662 120
add-car 1662 130
add-station 1559 10 133 111 123 106 106 114 133 127 134 137
add-station 294 14 196 205 207 191 196 183 174 202 176 164 167 157 184 173
add-station 48 11 75 66 61 63 70 69 64 73 83 81 76
add-station 228 17 177 181 144 168 158 155 149 148 164 178 157 158 175 134 174 172 170
add-station 1520 12 129 150 149 136 159 148 129 161 139 140 127 158
add-station 1905 14 62 74 79 71 78 63 59 72 77 61 76 76 63 68
add-station 162 10 118 129 135 136 142 118 131 142 136 129
add-station 454 13 219 275 227 264 212 275 257 247 209 261 255 245 259
add-station 337 13 226 218 191 210 207 229 175 222 217 212 180 173 196
scrap-car 1275 2090
add-station 345 0
add-car 345 229
add-car 345 232
add-car 345 195
add-car 345 214
add-car 345 201
add-car 345 198
add-car 345 184
add-car 345 234
add-car 345 207
add-car 345 180
add-car 345 229
add-car 345 223
add-car 345 174
add-car 345 180
add-car 345 193
add-car 345 232
add-car 345 181
add-car 345 187
add-station 597 15 290 337 264 301 275 266 285 259 309 326 282 320 327 330 320
add-station 113 0
add-car 113 110
add-car 113 90
add-car 113 106
add-car 113 109
add-car 113 89
add-car 113 105
add-car 113 118
add-car 113 100
add-car 113 102
add-car 113 101
add-car 113 91
add-car 113 119
add-station 1033 12 411 369 392 390 445 382 403 439 412 420 386 353
add-station 97 16 98 96 97 88 84 84 101 93 105 96 102 108 112 110 102 92
add-station 1722 10 103 94 121 123 103 94 102 117 126 97
add-station 1549 11 147 112 135 128 120 133 110 129 145 137 148
add-station 114 11 93 97 92 96 92 95 113 117 98 93 109
add-station 1744 18 112 93 113 118 109 122 123 110 119 96 120 96 105 114 95 110 123 100
add-station 562 15 283 264 260 270 312 296 282 268 268 257 260 287 258 279 275
add-station 33 0
add-car 33 56
add-car 33 66
add-car 33 59
add-car 33 62
add-car 33 56
add-car 33 73
add-car 33 64
add-car 33 65
add-car 33 72
add-car 33 61
add-car 33 63
add-car 33 61
add-station 843 13 371 323 330 404 421 328 414 337 365 344 338 430 340
add-station 88 10 99 84 102 94 80 84 94 81 81 80
scrap-car 1717 123
add-station 1006 13 363 426 442 443 444 422 388 458 432 443 409 410 456
add-car 294 198
add-station 1700 18 105 109 103 123 108 120 109 123 118 101 120 126 107 106 116 110 96 101
add-station 1247 10 245 276 292 234 295 266 286 280 310 274
add-station 1313 10 217 214 243 259 249 209 264 212 218 257
add-station 1612 18 107 105 120 107 114 134 124 106 124 119 136 133 116 124 111 123 135 122
add-station 1410 17 179 170 165 164 208 172 173 217 188 168 173 162 190 218 194 214 182
add-station 499 16 226 266 219 235 221 267 214 248 235 289 222 237 275 253 220 276
add-station 442 15 209 249 205 248 224 230 214 218 269 244 221 201 220 248 249
add-station 1166 15 293 348 367 315 332 337 322 356 282 312 348 287 346 302 359
add-station 807 15 404 315 408 385 324 378 396 397 412 377 403 345 324 350 374
add-station 684 0
add-car 684 331
add-car 684 328
add-car 684 297
add-car 684 285
add-car 684 319
add-car 684 358
add-car 684 280
add-car 684 372
add-car 684 300
add-car 684 311
add-station 650 12 270 344 347 351 294 346 344 341 313 280 295 284
add-station 1996 14 38 35 43 41 38 42 33 42 45 44 37 41 33 33
add-station 339 18 231 206 198 214 203 181 194 219 219 190 180 231 201 188 182 181 213 224
add-station 649 16 291 341 306 298 345 296 337 332 340 299 360 284 344 318 274 326
add-station 864 17 401 391 354 416 329 400 361 429 359 357 421 403 335 340 426 423 422
add-station 1807 0
add-car 1807 101
add-car 1807 88
add-car 1807 87
add-car 1807 96
add-car 1807 101
add-car 1807 93
add-car 1807 106
add-car 1807 81
add-car 1807 104
add-car 1807 90
add-station 728 14 317 318 384 292 335 314 305 314 350 362 385 319 349 348
add-station 678 10 359 300 352 372 320 340 294 325 356 296
add-station 688 16 364 281 371 368 316 287 321 318 348 370 314 325 285 355 282 295
add-station 1575 12 112 104 137 104 137 118 114 141 111 120 130 138
demolish-station 1948
add-station 1277 0
add-car 1277 234
add-car 1277 219
add-car 1277 248
add-car 1277 221
add-car 1277 262
add-car 1277 261
add-car 1277 255
add-car 1277 285
add-car 1277 262
add-car 1277 220
add-car 1277 291
add-car 1277 230
plan-route 213 2058
add-station 1877 15 90 70 85 67 87 66 80 84 68 81 77 69 66 68 80
scrap-car 356 238
add-station 1533 11 123 116 139 135 137 127 152 131 137 142 151
add-station 1911 18 72 71 68 71 60 61 64 76 61 61 61 69 74 73 63 75 65 73
add-car 1905 68
add-station 1453 17 160 145 195 167 172 179 172 159 162 193 150 189 195 170 154 161 186
scrap-car 1033 2090
add-station 776 16 324 322 365 408 354 325 365 402 407 358 367 406 377 357 409 334
add-station 657 12 293 274 365 275 351 321 291 353 272 344 284 359
add-station 666 0
add-car 666 336
add-car 666 337
add-car 666 363
add-car 666 359
add-car 666 357
add-car 666 298
add-car 666 313
add-car 666 295
add-car 666 334
add-car 666 362
add-car 666 312
add-car 666 339
add-car 666 317
add-car 2049 31
add-car 2058 31
add-car 2089 31
plan-route 2089 242
