add-station 1694 15 380 418 429 446 480 476 412 404 424 411 467 485 431 417 430
add-station 471 19 89 75 88 84 85 68 68 74 84 89 74 70 71 87 78 79 90 89 71
add-station 1124 11 209 208 221 194 216 187 172 178 213 198 231
add-station 370 0
add-car 370 77
add-car 370 65
add-car 370 78
add-car 370 61
add-car 370 75
add-car 370 57
add-car 370 59
add-car 370 69
add-car 370 73
add-car 370 68
add-car 370 60
add-car 370 57
add-car 370 62
add-car 370 58
add-car 370 77
add-car 370 60
add-car 370 78
add-station 2128 19 108 102 111 107 118 131 118 126 123 124 121 105 133 131 135 111 118 121 137
add-station 2234 12 52 54 51 53 57 50 61 62 57 59 59 64
add-station 1353 15 377 369 310 321 368 376 303 293 286 368 369 364 302 353 369
add-station 1124 11 91 1091 334 1914 1410 744 461 1198 403 1671 1306
add-station 592 0
add-car 592 85
add-car 592 88
add-car 592 80
add-car 592 79
add-car 592 83
add-car 592 92
add-car 592 90
add-car 592 103
add-car 592 80
add-car 592 80
add-car 592 99
add-station 1867 13 278 355 325 343 348 348 358 285 310 313 349 310 317
add-station 442 19 82 65 83 70 76 69 80 66 75 81 71 72 88 68 66 71 84 65 76
add-station 481 14 77 88 84 90 70 73 77 78 78 87 77 70 71 73
add-station 2009 18 189 235 233 198 198 192 219 210 226 180 225 219 210 201 186 188 212 210
add-station 462 0
add-car 462 69
add-car 462 76
add-car 462 70
add-car 462 89
add-car 462 68
add-car 462 79
add-car 462 78
add-car 462 72
add-car 462 75
add-car 462 85
add-car 462 83
add-car 462 90
add-car 462 90
add-car 462 70
add-station 1970 18 256 241 233 215 245 203 201 205 246 225 246 216 223 242 253 240 232 260
add-station 1310 13 277 329 269 279 326 288 333 307 348 261 312 333 323
add-station 957 0
add-car 957 153
add-car 957 193
add-car 957 168
add-car 957 195
add-car 957 157
add-car 957 180
add-car 957 178
add-car 957 197
add-car 957 192
add-car 957 201
add-car 957 178
add-car 957 154
add-car 957 185
add-car 957 188
add-car 957 199
add-car 957 153
add-station 1383 12 356 315 348 318 355 396 382 300 343 389 398 307
add-station 358 14 63 75 69 67 70 73 74 72 58 68 70 74 68 66
add-station 1160 0
add-car 1160 226
add-car 1160 207
add-car 1160 205
add-car 1160 202
add-car 1160 179
add-car 1160 188
add-car 1160 230
add-car 1160 228
add-car 1160 229
add-car 1160 229
add-car 1160 179
add-car 1160 222
add-car 1160 182
add-car 1160 232
add-car 1160 217
add-car 1160 218
add-car 1160 182
add-car 1160 174
add-station 1009 14 184 205 179 179 185 205 163 165 214 215 165 209 210 202
add-station 305 13 61 67 55 67 66 63 57 68 54 58 57 67 53
add-station 1059 11 181 191 173 205 208 179 168 208 203 192 170
add-station 1846 12 341 322 337 345 390 341 355 387 296 311 342 319
add-station 782 13 156 152 143 146 148 135 125 137 130 134 146 128 140
add-station 400 13 81 78 71 65 64 77 70 67 77 71 69 63 70
add-station 1322 18 310 324 282 318 304 298 324 344 330 337 323 340 296 306 329 330 344 317
add-station 1393 19 389 341 317 325 398 400 315 357 306 374 304 403 318 330 408 332 334 356 388
add-station 125 16 27 27 26 33 26 28 35 26 30 35 35 34 33 30 26 34
add-station 1063 13 218 214 209 210 216 212 194 221 187 223 178 177 174
add-station 1727 0
add-car 1727 405
add-car 1727 487
add-car 1727 403
add-car 1727 398
add-car 1727 426
add-car 1727 450
add-car 1727 472
add-car 1727 389
add-car 1727 461
add-car 1727 461
add-car 1727 371
add-car 1727 419
add-car 1727 471
add-car 1727 466
add-car 1727 437
add-car 1727 432
add-car 1727 484
add-car 1727 432
add-car 1727 485
add-station 1146 18 203 220 204 185 182 190 224 189 233 175 223 186 219 203 195 175 176 216
add-station 2065 15 161 148 184 166 140 163 160 139 142 171 140 161 184 164 166
add-station 987 11 173 196 206 198 184 191 212 195 184 190 173
demolish-station 2234
add-station 630 19 94 114 96 118 111 107 117 106 103 106 96 101 109 102 103 96 97 93 108
add-station 203 0
add-car 203 50
add-car 203 44
add-car 203 50
add-car 203 41
add-car 203 40
add-car 203 47
add-car 203 49
add-car 203 43
add-car 203 38
add-car 203 37
add-car 203 50
add-car 203 49
add-car 203 37
add-car 203 38
add-car 203 42
add-car 203 40
add-car 203 42
add-car 203 41
add-car 203 38
add-station 1299 0
add-car 1299 342
add-car 1299 307
add-car 1299 334
add-car 1299 325
add-car 1299 318
add-car 1299 328
add-car 1299 259
add-car 1299 314
add-car 1299 280
add-car 1299 340
add-car 1299 278
add-car 1299 339
add-car 1299 339
add-station 1341 19 342 281 369 367 291 306 279 334 355 367 321 358 319 332 308 294 300 360 292
add-station 1398 13 402 359 324 323 340 313 335 347 400 323 386 392 367
add-station 1640 17 405 434 438 441 382 437 417 409 450 490 477 463 441 489 400 397 397
add-station 1581 12 378 388 391 461 463 390 444 413 387 480 471 423
add-station 1364 11 323 370 344 308 391 309 360 295 294 303 381
add-station 1706 19 469 471 451 398 476 483 431 458 473 372 430 397 399 465 479 489 480 475 427
add-station 1978 17 211 248 233 257 231 227 196 245 258 249 258 262 240 220 225 248 263
add-station 87 15 26 22 21 25 27 20 20 25 22 28 22 26 23 27 28
add-station 1975 14 213 199 202 218 231 221 223 266 231 224 247 229 261 209
add-station 1798 19 413 410 424 366 334 342 451 405 408 365 447 442 379 364 451 427 434 348 430
add-station 1689 12 370 452 396 447 469 460 387 456 457 373 415 477
demolish-station 1863
add-station 674 16 108 129 133 107 134 105 125 112 108 130 127 121 107 111 134 102
add-station 278 13 56 60 62 60 53 55 54 58 49 55 52 62 51
add-station 1407 18 332 388 329 353 363 407 350 380 413 410 351 402 410 376 320 355 417 387
add-station 2239 14 61 54 58 60 60 61 50 62 61 56 49 49 54 51
add-station 666 19 128 102 127 116 119 108 121 102 132 99 104 118 108 123 99 121 109 131 110
add-station 556 13 86 99 76 93 101 93 87 98 89 96 78 98 80
add-station 922 0
add-car 922 158
add-car 922 150
add-car 922 197
add-car 922 198
add-car 922 161
add-car 922 188
add-car 922 186
add-car 922 158
add-car 922 164
add-car 922 175
add-car 922 166
add-car 922 158
add-car 922 199
add-station 1704 12 472 473 426 482 474 475 416 365 447 445 375 395
add-station 358 18 1432 296 2091 1583 7 1943 1514 773 334 1194 33 589 1047 207 342 736 435 2272
add-station 1367 11 359 318 291 382 362 298 390 330 342 338 321
add-station 1356 16 304 290 386 312 326 356 326 362 339 331 301 304 322 309 285 306
add-station 1004 17 175 202 179 212 187 213 181 189 178 206 162 160 166 202 161 172 190
add-station 347 19 71 60 68 57 67 57 66 57 59 62 61 56 57 62 63 71 58 72 55
add-station 1701 11 435 443 384 418 442 414 370 445 386 374 439
add-station 1161 17 221 202 192 189 224 233 197 194 230 222 214 216 194 202 200 190 201
add-station 31 13 15 16 12 15 13 12 12 16 12 14 16 16 13
add-station 2349 14 4 5 4 5 5 4 5 4 5 4 4 4 4 4
add-station 1784 17 423 378 374 400 364 396 358 366 391 364 396 367 426 429 377 433 399
add-station 988 17 158 160 181 195 189 202 175 190 177 186 166 167 200 164 166 203 199
add-station 118 19 30 27 33 34 32 25 30 27 31 26 28 31 33 28 33 27 25 33 32
add-station 372 0
add-car 372 65
add-car 372 59
add-car 372 58
add-car 372 76
add-car 372 71
add-car 372 67
add-car 372 69
add-car 372 58
add-car 372 68
add-car 372 66
add-car 372 72
add-car 372 78
add-car 372 58
add-station 996 19 161 159 191 211 170 176 188 160 190 167 201 212 205 206 211 209 178 193 206
add-station 928 13 167 188 177 193 148 186 167 185 201 189 189 150 194
add-station 134 12 30 30 33 33 29 31 32 34 28 33 27 28
plan-route 305 2065
add-station 1166 12 203 220 233 188 215 183 179 215 205 183 186 235
add-station 415 17 72 66 68 84 74 77 70 83 63 75 65 67 76 71 82 68 71
add-station 2016 12 208 191 180 201 213 216 206 184 197 183 203 192
demolish-station 1691
add-station 2351 13 3 3 3 4 3 3 3 3 4 4 3 4 4
add-station 1553 12 372 385 382 410 421 414 430 412 425 424 455 405
add-station 1907 19 331 277 306 279 305 269 257 305 314 248 252 331 309 287 295 267 297 306 287
add-station 1830 19 374 316 310 351 377 362 374 401 385 390 405 352 371 347 329 326 307 395 343
add-station 1371 17 347 383 295 303 331 324 359 365 301 344 384 294 310 359 307 340 373
add-station 1266 15 255 277 240 251 265 259 297 244 283 311 234 270 304 282 275
add-station 1315 11 324 322 353 345 274 279 316 355 339 337 330
add-station 2232 16 50 64 53 60 59 58 60 59 53 50 65 58 61 62 67 64
add-station 1632 14 451 466 390 388 449 468 448 433 404 460 393 392 472 400
add-station 858 14 185 138 186 170 139 175 144 162 186 176 158 153 166 149
add-station 1327 18 289 316 343 296 292 329 308 316 318 362 319 346 276 342 290 335 307 350
add-station 1470 13 428 388 374 409 335 392 367 445 420 344 385 440 362
add-station 2029 15 173 203 171 194 170 199 199 172 173 166 204 160 162 163 179
add-station 137 19 35 31 31 30 30 28 30 30 30 28 37 33 37 38 36 28 28 32 28
add-station 2027 14 188 162 204 207 194 195 190 198 163 181 201 165 209 198
add-station 1216 0
add-car 1216 244
add-car 1216 256
add-car 1216 217
add-car 1216 268
add-car 1216 228
add-car 1216 252
add-car 1216 209
add-car 1216 228
add-car 1216 263
add-car 1216 210
add-car 1216 219
add-car 1216 221
add-car 1216 203
add-car 1216 245
add-car 1216 235
add-car 1216 248
add-station 683 11 110 111 113 107 130 112 114 112 105 126 112
scrap-car 928 173
add-station 2189 12 94 93 74 84 79 95 76 74 89 76 77 87
add-station 299 0
add-car 299 62
add-car 299 55
add-car 299 61
add-car 299 56
add-car 299 59
add-car 299 65
add-car 299 67
add-car 299 54
add-car 299 52
add-car 299 55
add-car 299 53
add-car 299 52
add-station 602 18 90 90 94 94 93 98 105 107 87 110 103 90 92 83 109 102 98 107
add-station 1618 19 470 473 415 479 455 471 433 384 452 473 401 410 434 479 482 402 364 415 421
add-station 2040 13 208 189 175 189 198 192 153 193 182 178 155 191 181
add-station 1811 15 329 414 402 351 436 386 345 326 417 356 363 391 433 334 422
add-station 1855 18 386 287 380 376 375 359 338 336 322 385 338 329 363 362 374 379 294 347
add-station 159 18 36 35 34 41 33 31 32 32 31 42 31 38 41 34 35 36 35 38
add-station 207 19 47 41 41 39 37 50 51 43 47 38 49 47 42 43 50 51 48 37 43
add-station 809 16 131 167 152 128 174 154 159 148 171 162 138 151 145 132 144 141
plan-route 87 2027
add-station 589 19 86 95 79 91 93 79 96 102 88 91 84 84 88 98 86 102 82 106 91
add-station 1298 0
add-car 1298 316
add-car 1298 314
add-car 1298 342
add-car 1298 297
add-car 1298 302
add-car 1298 301
add-car 1298 302
add-car 1298 329
add-car 1298 256
add-car 1298 281
add-car 1298 275
add-car 1298 305
add-car 1298 315
add-car 1298 275
add-car 1298 343
add-car 1298 254
add-car 1298 258
add-station 349 17 70 71 66 74 61 56 70 60 59 55 73 74 58 72 74 62 65
plan-route 125 1978
add-station 515 16 80 97 74 88 85 77 89 87 77 75 73 90 73 83 76 75
add-station 1641 16 476 462 388 453 453 381 389 390 444 398 382 420 388 457 390 438
add-station 737 17 147 128 141 114 152 123 126 116 125 148 138 130 119 130 139 126 154
add-station 1654 19 442 484 367 423 445 367 458 461 406 405 474 387 415 432 420 379 441 489 422
add-station 1805 0
add-car 1805 357
add-car 1805 357
add-car 1805 344
add-car 1805 427
add-car 1805 404
add-car 1805 331
add-car 1805 373
add-car 1805 347
add-car 1805 391
add-car 1805 330
add-car 1805 435
add-car 1805 343
add-car 1805 442
add-station 799 19 149 170 147 156 140 162 133 164 147 163 140 158 138 147 163 138 148 154 158
add-station 1543 17 438 380 439 388 393 474 362 365 469 355 447 356 429 380 392 391 458
demolish-station 946
add-station 54 11 15 17 21 19 21 20 18 15 19 20 18
add-station 2255 12 41 40 48 47 49 46 40 42 49 42 48 46
scrap-car 1717 1946
add-station 2257 14 52 49 41 46 50 43 46 41 53 53 39 40 43 48
add-station 2348 0
add-car 2348 5
add-car 2348 5
add-car 2348 5
add-car 2348 5
add-car 2348 4
add-car 2348 5
add-car 2348 4
add-car 2348 4
add-car 2348 4
add-car 2348 4
add-car 2348 5
add-car 2348 4
add-car 2348 5
add-car 2348 4
add-car 2348 5
add-car 2348 4
add-car 2348 5
add-station 1259 18 252 295 256 245 262 297 309 271 273 305 230 280 249 286 247 239 292 234
add-station 392 0
add-car 392 73
add-car 392 67
add-car 392 75
add-car 392 66
add-car 392 78
add-car 392 75
add-car 392 68
add-car 392 73
add-car 392 66
add-car 392 78
add-car 392 72
add-car 392 73
add-car 392 75
add-car 392 70
add-station 1543 14 2285 1132 423 1894 2180 178 1021 1781 1088 671 146 1989 2270 881
add-station 1794 18 350 404 432 378 370 372 450 339 353 369 371 392 361 411 380 444 389 351
add-station 595 0
add-car 595 93
add-car 595 104
add-car 595 97
add-car 595 91
add-car 595 81
add-car 595 85
add-car 595 90
add-car 595 82
add-car 595 92
add-car 595 97
add-car 595 93
add-car 595 103
add-station 584 17 100 86 96 91 94 101 97 97 95 101 79 82 105 79 84 80 90
add-station 279 15 47 58 55 54 61 62 60 50 49 51 61 54 55 57 60
add-station 2072 17 158 169 135 157 181 147 174 174 153 139 159 145 154 144 181 141 160
add-station 1565 15 390 415 370 378 425 403 468 434 413 400 396 362 420 388 421
add-station 1 16 7 9 7 9 9 8 8 7 7 7 9 9 9 8 7 8
add-station 1064 0
add-car 1064 194
add-car 1064 208
add-car 1064 184
add-car 1064 169
add-car 1064 221
add-car 1064 171
add-car 1064 167
add-car 1064 178
add-car 1064 187
add-car 1064 167
add-car 1064 178
add-station 181 16 42 46 40 35 44 46 45 43 45 37 37 39 39 43 37 35
add-station 196 11 49 43 46 46 45 40 43 41 44 37 42
add-station 1155 16 178 186 184 229 195 191 221 177 215 204 192 176 197 207 224 208
add-station 1582 12 463 374 460 395 483 361 378 379 382 473 374 366
add-station 186 15 38 44 35 36 39 34 39 47 46 46 41 44 42 36 41
add-station 1823 14 321 417 345 336 319 355 333 408 381 399 351 383 384 337
add-station 31 19 1987 1150 625 284 1247 629 1375 228 888 1234 173 878 150 509 532 1739 2186 919 98
add-station 1024 12 180 162 210 175 184 210 215 164 192 165 191 181
add-station 2125 14 132 128 119 118 104 114 139 131 137 111 104 131 109 137
add-station 443 16 82 72 84 88 70 88 87 78 66 71 71 76 74 86 74 78
add-station 2001 19 193 207 203 233 234 220 238 191 223 189 218 226 187 221 179 211 219 235 227
add-station 1658 11 467 472 469 439 469 393 421 448 466 477 385
add-station 720 15 128 131 149 144 147 111 147 135 145 144 114 132 136 148 112
add-station 28 15 15 13 13 14 11 15 12 15 13 11 12 13 12 12 12
add-station 2292 14 26 30 25 31 33 33 31 27 30 25 33 32 30 30
add-station 684 14 133 109 109 113 108 137 131 118 116 119 108 104 123 113
add-station 1971 16 221 265 212 262 242 242 223 216 261 235 268 236 249 211 233 224
demolish-station 1356
add-station 521 17 98 82 80 88 86 77 89 98 85 94 96 91 91 98 75 95 98
add-station 2064 11 164 182 152 152 185 179 142 177 166 149 149
demolish-station 1553
add-station 1466 14 355 337 344 336 363 386 399 380 402 347 427 431 435 402
add-station 92 17 24 21 25 23 29 22 29 23 23 27 28 27 25 24 26 29 24
scrap-car 1155 229
add-station 269 11 47 54 54 47 54 60 47 47 60 45 50
add-station 1995 19 228 212 225 236 242 245 225 230 210 191 208 192 185 219 236 210 214 247 233
add-station 1246 13 285 268 222 251 266 270 263 226 233 242 242 252 221
add-station 1744 11 460 393 367 437 445 487 405 415 458 464 366
add-station 1683 19 365 437 425 425 390 489 473 425 459 450 485 434 416 468 450 410 401 434 483
add-station 1072 13 199 191 193 225 173 199 194 166 194 217 212 198 174
demolish-station 477
add-station 2054 13 189 191 182 169 166 176 162 176 148 194 185 184 146
plan-route 207 2065
add-station 1084 0
add-car 1084 211
add-car 1084 204
add-car 1084 179
add-car 1084 193
add-car 1084 218
add-car 1084 169
add-car 1084 205
add-car 1084 210
add-car 1084 192
add-car 1084 168
add-car 1084 208
add-car 1084 223
add-car 1084 196
add-car 1084 185
add-car 1084 167
add-car 1084 197
add-car 1084 218
add-car 1084 182
add-station 1718 0
add-car 1718 388
add-car 1718 393
add-car 1718 365
add-car 1718 441
add-car 1718 398
add-car 1718 489
add-car 1718 418
add-car 1718 462
add-car 1718 430
add-car 1718 390
add-car 1718 470
add-car 1718 430
add-car 1718 378
add-car 1718 430
demolish-station 1970
add-station 2293 18 29 29 24 28 29 33 30 33 26 30 33 27 31 27 27 31 26 31
add-station 1082 0
add-car 1082 217
add-car 1082 174
add-car 1082 194
add-car 1082 168
add-car 1082 213
add-car 1082 226
add-car 1082 214
add-car 1082 190
add-car 1082 183
add-car 1082 187
add-car 1082 198
add-car 1082 207
add-car 1082 177
add-car 1082 184
add-car 1082 208
add-car 1082 208
add-car 1082 224
add-station 2154 11 117 96 98 110 119 109 114 97 114 105 89
add-station 1425 12 427 374 406 325 315 397 363 317 375 335 349 393
add-station 1635 15 470 457 474 412 466 420 429 459 453 449 468 459 398 364 437
add-station 1305 13 295 323 310 312 268 317 334 320 319 264 347 277 333
add-station 1842 17 378 397 299 348 357 387 380 400 347 344 367 360 298 383 395 311 337
add-station 1205 11 260 193 217 203 235 222 233 221 232 252 251
add-station 1221 0
add-car 1221 223
add-car 1221 276
add-car 1221 240
add-car 1221 270
add-car 1221 207
add-car 1221 228
add-car 1221 255
add-car 1221 248
add-car 1221 273
add-car 1221 231
add-car 1221 235
add-car 1221 214
add-car 1221 257
add-car 1221 256
add-car 1221 244
add-car 1221 219
add-station 1495 0
add-car 1495 376
add-car 1495 420
add-car 1495 402
add-car 1495 371
add-car 1495 380
add-car 1495 423
add-car 1495 388
add-car 1495 427
add-car 1495 378
add-car 1495 422
add-car 1495 398
add-car 1495 348
add-car 1495 385
add-station 1108 19 191 201 217 218 226 184 171 175 190 174 211 229 228 201 197 201 191 173 184
scrap-car 350 1757
add-station 1962 12 259 274 249 265 260 257 232 262 248 205 230 255
add-station 1152 18 228 233 220 206 197 175 213 223 178 204 181 198 202 217 216 222 188 194
add-station 1951 0
add-car 1951 228
add-car 1951 283
add-car 1951 285
add-car 1951 256
add-car 1951 265
add-car 1951 275
add-car 1951 243
add-car 1951 288
add-car 1951 227
add-car 1951 227
add-car 1951 256
add-station 836 14 180 142 149 173 159 169 139 164 164 155 175 145 139 179
add-station 2138 12 125 100 119 99 99 115 123 97 114 127 100 109
add-station 770 11 141 135 126 125 124 123 124 130 124 136 142
scrap-car 1323 2305
plan-route 125 2239
add-station 24 18 14 11 11 13 12 10 12 14 13 10 13 12 12 10 14 11 14 14
add-station 2193 19 82 88 71 89 75 80 81 76 88 77 72 72 77 86 89 83 68 72 74
add-station 281 17 61 47 47 59 64 59 55 60 60 47 52 62 57 58 47 51 57
add-station 1507 0
add-car 1507 456
add-car 1507 355
add-car 1507 378
add-car 1507 419
add-car 1507 432
add-car 1507 443
add-car 1507 391
add-car 1507 383
add-car 1507 353
add-car 1507 381
add-car 1507 397
add-car 1507 392
add-station 1142 12 216 210 173 229 232 232 184 212 207 182 193 209
add-station 214 18 50 41 46 43 51 47 50 48 41 38 38 52 43 38 39 52 40 49
add-station 1275 12 295 244 265 264 303 262 283 317 301 264 279 289
add-station 509 18 92 72 80 91 89 96 93 88 77 97 73 87 72 78 85 79 71 79
add-station 1955 11 263 253 215 235 226 234 229 218 259 220 252
add-station 1667 11 370 431 375 382 366 406 407 484 468 417 451
add-station 47 11 17 16 16 14 16 17 17 16 19 19 17
add-station 2066 17 162 154 155 145 148 183 152 149 170 152 178 151 182 165 148 140 178
add-station 2007 13 225 232 216 233 222 223 193 218 201 223 213 181 183
add-station 1376 16 369 357 378 311 337 365 308 296 387 319 308 366 333 382 335 398
add-station 673 11 107 126 100 124 133 111 121 124 120 108 121
add-station 1300 11 343 335 332 286 261 323 270 260 287 265 275
add-station 2243 17 51 52 57 61 59 61 48 60 49 56 48 55 56 55 55 61 47
add-station 1117 19 203 173 223 201 199 192 204 176 225 183 170 218 212 181 192 197 176 175 205
add-station 792 14 151 147 160 135 166 128 157 160 130 165 146 132 154 142
add-station 910 14 194 195 176 195 156 191 164 181 153 157 178 157 160 158
add-station 2158 17 115 113 100 113 109 96 88 96 108 113 94 93 116 99 96 110 87
add-station 1624 14 481 454 429 407 409 405 405 440 413 470 392 488 363 402
add-station 1989 16 253 206 202 196 250 238 209 244 204 207 242 233 189 215 241 245
add-station 1333 19 318 325 278 334 303 340 325 363 296 366 318 363 327 311 298 295 308 327 325
add-station 715 12 127 115 135 126 129 148 117 139 120 111 129 127
add-station 510 13 90 86 77 90 89 80 95 93 80 79 82 93 97
add-station 2084 16 139 157 133 137 155 129 164 130 130 171 169 158 157 151 154 157
add-station 1605 14 423 399 376 432 413 416 464 374 414 458 415 402 414 452
add-station 2222 19 74 59 62 65 64 59 58 67 72 74 54 58 58 67 56 60 55 70 55
add-station 1841 18 377 366 301 362 370 297 330 331 307 353 395 360 339 319 394 345 329 402
add-car 2293 55
add-car 87 33
add-car 2348 55
add-car 214 55
add-car 54 33
add-car 2292 35
add-car 1 23
add-car 24 23
plan-route 2349 125
