add-station 3754 30 1233 1429 1468 1566 1465 1418 1564 1591 1426 1300 1247 1231 1293 1328 1484 1249 1348 1514 1257 1212 1450 1474 1355 1309 1390 1604 1563 1430 1294 1270
add-car 3754 1532
add-station 660 19 466 505 504 564 489 551 526 509 466 466 456 574 498 439 502 460 544 446 508
demolish-station 660
add-station 3910 18 1401 1667 1624 1324 1248 1557 1391 1337 1351 1345 1426 1338 1596 1470 1536 1459 1443 1292
add-station 3022 23 1014 804 844 853 937 912 962 1026 1078 1004 987 907 883 1052 1054 891 1084 962 964 996 958 834 1052
add-station 4079 24 1361 1633 1297 1666 1393 1649 1674 1537 1313 1417 1346 1594 1243 1322 1396 1274 1327 1353 1360 1254 1506 1584 1335 1564
add-station 5683 0
add-car 5683 14
add-car 5683 15
add-car 5683 14
add-car 5683 15
add-car 5683 19
add-car 5683 15
add-car 5683 19
add-car 5683 16
add-car 5683 18
add-car 5683 17
add-car 5683 15
add-car 5683 15
add-car 5683 18
add-car 5683 14
add-car 5683 19
add-car 5683 15
add-car 5683 14
add-car 5683 16
add-car 5683 16
add-car 5683 17
add-car 5683 15
add-car 5683 17
add-car 5683 18
add-car 5683 19
add-car 5683 16
scrap-car 5695 3331
add-station 2841 28 637 777 801 705 791 846 744 678 787 695 726 709 817 668 754 640 775 757 792 742 841 710 825 742 707 847 653 839
add-station 3614 30 1244 1407 1475 1221 1217 1407 1203 1422 1534 1456 1489 1381 1425 1241 1387 1443 1448 1467 1574 1543 1565 1508 1395 1189 1526 1317 1521 1281 1351 1319
add-station 1846 0
add-car 1846 679
add-car 1846 759
add-car 1846 731
add-car 1846 627
add-car 1846 769
add-car 1846 664
add-car 1846 730
add-car 1846 693
add-car 1846 732
add-car 1846 705
add-car 1846 620
add-car 1846 636
add-car 1846 693
add-car 1846 601
add-car 1846 656
add-car 1846 598
add-car 1846 620
add-car 1846 694
add-car 1846 766
add-car 1846 705
add-car 1846 674
add-car 1846 682
add-car 1846 776
add-car 1846 674
add-car 1846 729
add-car 1846 663
add-car 1846 657
add-car 1846 692
add-car 1846 696
add-car 1846 587
add-station 1102 27 573 481 526 602 533 589 502 500 525 559 536 509 560 629 559 615 635 630 492 589 532 492 556 614 519 553 481
add-station 2684 23 660 844 813 836 808 825 773 740 674 650 767 814 640 834 819 679 655 789 659 756 830 744 789
add-station 2883 18 804 806 688 712 882 884 747 733 783 841 758 859 741 866 724 709 745 863
add-station 1595 29 696 633 691 690 626 613 583 559 580 645 616 606 551 675 638 608 639 654 617 682 714 696 692 614 675 647 557 641 559
add-station 3641 29 1220 1307 1428 1224 1177 1426 1435 1241 1430 1189 1251 1435 1216 1314 1500 1548 1230 1214 1361 1247 1348 1564 1276 1408 1515 1395 1431 1255 1311
demolish-station 1595
add-station 3726 23 1574 1201 1600 1443 1275 1431 1428 1452 1321 1240 1395 1407 1497 1549 1364 1524 1315 1435 1324 1300 1509 1583 1616
add-station 3972 26 1555 1250 1378 1377 1448 1590 1328 1582 1638 1562 1620 1248 1273 1421 1471 1525 1616 1461 1551 1490 1546 1432 1379 1565 1321 1374
add-station 5268 28 461 473 391 391 484 449 439 468 496 413 380 420 456 434 470 476 474 419 431 446 437 482 455 444 456 410 476 448
add-station 4609 21 997 1181 1127 1001 1015 1047 970 1067 1078 947 1107 1202 1097 1171 1010 953 1200 941 1033 1074 1130
scrap-car 1102 3210
add-station 4870 24 769 933 884 846 880 900 732 868 928 936 835 862 931 811 798 775 786 801 879 941 773 910 745 828
add-station 916 25 547 597 585 528 503 550 603 468 596 616 604 565 600 478 555 466 516 583 565 524 460 533 484 459 511
add-station 2771 19 804 727 783 668 809 819 705 692 641 756 748 759 642 789 728 697 719 688 657
add-station 4486 30 1047 1146 1334 1344 1124 1144 1384 1127 1241 1308 1171 1396 1337 1160 1245 1058 1374 1279 1068 1330 1353 1040 1039 1036 1115 1235 1049 1127 1058 1305
add-station 2171 21 797 738 629 686 669 665 632 722 745 635 828 691 648 658 714 703 770 669 792 715 643
add-station 2150 20 754 624 631 650 709 822 708 686 653 693 735 695 663 773 775 666 825 824 775 755
add-station 4870 30 3923 2531 3863 5425 1031 4179 4987 3304 894 688 1155 3651 2707 1747 5533 998 3 1055 3866 1523 2272 4221 75 2031 1296 4385 3039 1913 3796 1169
add-station 1406 0
add-car 1406 608
add-car 1406 632
add-car 1406 528
add-car 1406 585
add-car 1406 599
add-car 1406 583
add-car 1406 677
add-car 1406 570
add-car 1406 526
add-car 1406 531
add-car 1406 566
add-car 1406 600
add-car 1406 568
add-car 1406 622
add-car 1406 558
add-car 1406 670
add-car 1406 659
add-car 1406 627
add-car 1406 614
add-car 1406 647
add-car 1406 531
add-car 1406 605
add-station 4311 24 1314 1189 1219 1505 1445 1586 1361 1374 1279 1462 1313 1510 1533 1480 1303 1496 1439 1404 1266 1274 1255 1253 1497 1444
add-station 1606 29 732 637 712 674 606 666 567 650 547 718 662 694 619 646 633 590 673 663 555 679 735 656 723 622 563 609 594 689 613
demolish-station 2864
add-station 2399 23 662 695 703 739 815 640 706 839 824 677 668 708 752 743 840 793 634 762 747 818 851 738 770
add-station 3305 27 1247 1208 1316 1115 1016 1307 1016 1158 1048 1253 1175 1040 1047 1186 1035 1285 1137 1214 1119 1036 1147 1303 1119 1072 1303 1352 1261
add-station 2386 0
add-car 2386 827
add-car 2386 691
add-car 2386 690
add-car 2386 760
add-car 2386 791
add-car 2386 676
add-car 2386 649
add-car 2386 786
add-car 2386 817
add-car 2386 826
add-car 2386 709
add-car 2386 736
add-car 2386 694
add-car 2386 763
add-car 2386 750
add-car 2386 670
add-car 2386 633
add-car 2386 797
add-car 2386 732
add-car 2386 850
add-station 4193 28 1262 1443 1291 1329 1543 1530 1567 1376 1497 1470 1258 1276 1644 1259 1638 1567 1407 1576 1253 1243 1253 1350 1600 1624 1635 1638 1280 1569
add-station 388 19 431 445 383 380 466 407 450 396 468 514 453 425 434 509 406 397 490 504 445
demolish-station 3022
add-station 2342 22 802 728 662 774 723 670 704 777 768 771 721 769 698 689 846 811 699 753 681 630 807 739
add-station 3664 30 1502 1319 1585 1197 1324 1592 1438 1482 1546 1221 1441 1408 1503 1367 1480 1549 1599 1184 1364 1458 1362 1254 1441 1541 1439 1519 1514 1209 1515 1570
add-station 2150 24 2163 316 5050 2909 5674 2917 1173 3765 3819 3611 2843 1608 2996 3221 482 4962 2086 3530 5091 3119 5054 3920 953 2990
add-station 5512 18 167 216 168 170 201 198 168 171 178 185 182 186 169 179 176 204 174 184
add-station 3575 0
add-car 3575 1252
add-car 3575 1418
add-car 3575 1193
add-car 3575 1558
add-car 3575 1526
add-car 3575 1412
add-car 3575 1481
add-car 3575 1222
add-car 3575 1304
add-car 3575 1412
add-car 3575 1314
add-car 3575 1393
add-car 3575 1244
add-car 3575 1515
add-car 3575 1251
add-car 3575 1187
add-car 3575 1229
add-car 3575 1265
add-car 3575 1298
add-car 3575 1269
add-car 3575 1510
add-car 3575 1389
add-car 3575 1495
add-station 724 24 551 458 436 569 581 476 473 516 488 552 482 535 486 439 539 433 465 548 433 433 517 442 578 489
add-station 931 20 493 529 555 596 482 605 620 487 561 549 593 571 472 537 480 509 497 571 585 561
add-station 4 19 352 346 406 331 374 393 342 350 384 349 371 381 324 351 353 384 359 359 406
add-station 469 24 403 528 438 434 455 453 510 468 423 459 475 496 508 531 451 490 521 524 501 461 401 509 513 449
add-station 1565 28 626 646 643 628 705 635 655 604 646 567 615 543 717 713 560 708 596 721 658 573 698 537 578 536 571 628 688 699
add-station 2807 27 718 672 812 649 812 678 774 643 730 744 693 804 807 719 745 863 785 715 828 660 667 754 804 802 678 837 685
scrap-car 2342 662
add-station 1959 26 754 639 768 612 790 802 612 610 701 609 698 770 642 607 725 708 673 704 727 627 711 691 757 773 694 769
add-station 3692 24 1340 1341 1539 1583 1309 1530 1409 1420 1496 1373 1271 1540 1610 1377 1540 1268 1197 1436 1447 1544 1193 1444 1225 1306
add-station 3127 22 1022 1020 1064 1182 901 1092 1197 1181 902 1057 1018 927 1089 1013 937 952 1010 890 1019 1165 1104 1026
add-station 168 24 429 454 421 438 441 368 425 353 351 445 457 422 362 421 449 397 375 367 432 456 438 362 436 400
add-station 2535 21 658 698 731 799 644 686 638 721 798 650 809 855 711 703 724 792 757 740 852 713 664
add-station 577 22 478 537 534 487 428 523 546 490 452 516 417 458 435 498 441 426 440 459 454 447 418 437
add-station 91 24 373 422 328 408 373 387 346 367 405 324 330 428 413 434 437 379 344 423 399 359 364 398 373 376
add-station 3646 27 1393 1560 1298 1379 1529 1433 1253 1498 1592 1500 1478 1345 1303 1479 1441 1472 1537 1507 1206 1425 1357 1322 1483 1365 1203 1424 1453
add-station 1504 19 709 547 565 676 556 662 685 685 682 648 702 705 634 541 574 582 625 557 606
add-station 3861 25 1589 1292 1376 1494 1325 1649 1368 1519 1372 1423 1578 1631 1634 1304 1302 1574 1282 1651 1337 1479 1563 1646 1396 1550 1396
add-station 4927 18 678 879 840 803 767 757 732 849 803 851 796 712 770 759 703 726 868 809
add-station 823 22 492 470 447 597 544 547 551 555 499 571 457 503 507 593 528 581 531 483 544 453 591 542
add-station 4224 29 1278 1485 1608 1594 1528 1298 1533 1361 1400 1255 1320 1321 1278 1644 1442 1539 1597 1526 1377 1403 1499 1513 1417 1634 1298 1527 1277 1627 1579
add-station 416 24 448 487 488 519 451 418 413 479 460 521 488 482 475 481 396 431 452 495 443 516 438 385 431 400
add-station 1012 21 480 637 592 471 532 564 505 597 614 484 620 524 474 633 550 633 482 621 511 497 551
add-station 2132 20 753 631 748 743 792 782 727 629 707 722 711 761 648 822 821 710 814 666 767 751
add-station 4559 18 1118 1136 1267 1248 1059 1046 1060 1213 1089 1007 1111 991 1226 985 1057 1286 1080 1267
add-station 5113 27 524 542 642 623 576 575 543 499 510 593 638 672 568 566 543 623 557 538 574 664 645 547 605 577 569 639 659
demolish-station 916
add-station 3312 26 1370 1305 1273 1146 1154 1375 1040 1324 1132 1058 1063 1117 1188 1151 1039 1037 1300 1372 1221 1262 1066 1083 1038 1342 1246 1142
add-station 2889 23 699 751 728 684 793 683 840 828 847 850 790 762 791 758 692 836 759 763 859 795 690 861 792
add-station 1120 30 548 640 502 534 631 572 530 508 491 498 565 518 488 631 602 490 651 498 569 559 536 557 577 554 652 504 587 520 594 564
scrap-car 4559 1267
add-station 3297 30 1080 1255 1315 1338 1168 1293 1320 1158 1012 1312 1064 1082 1363 1292 1323 1123 1310 1340 1113 1010 1252 1252 1098 1108 1154 1318 1234 1055 1047 1036
add-station 1116 27 516 592 574 572 482 589 491 609 594 560 614 567 515 598 490 605 594 653 561 637 491 506 518 621 650 598 546
scrap-car 2889 697
add-station 729 27 528 510 586 448 561 571 552 483 514 516 581 583 572 501 440 478 488 437 463 553 446 576 579 503 524 511 581
demolish-station 416
add-station 688 18 468 500 488 450 531 467 567 429 459 556 515 467 551 461 572 512 451 497
add-station 824 27 533 461 460 554 471 525 601 576 469 570 575 555 503 603 582 568 516 461 482 459 521 568 447 513 581 484 554
scrap-car 2386 817
add-station 2751 0
add-car 2751 775
add-car 2751 751
add-car 2751 750
add-car 2751 714
add-car 2751 715
add-car 2751 738
add-car 2751 784
add-car 2751 639
add-car 2751 737
add-car 2751 665
add-car 2751 843
add-car 2751 639
add-car 2751 686
add-car 2751 701
add-car 2751 754
add-car 2751 763
add-car 2751 640
add-car 2751 821
add-car 2751 763
add-car 2751 709
add-car 2751 674
add-car 2751 785
add-car 2751 861
add-car 2751 658
add-car 2751 771
add-station 2667 27 840 790 743 680 696 774 760 786 711 840 653 760 649 845 851 638 692 768 733 654 695 723 803 779 863 795 695
add-station 1974 25 707 668 747 613 717 671 684 794 666 655 629 663 760 643 609 633 761 597 804 604 599 695 647 636 646
add-car 688 570
add-station 3165 30 1161 1114 1116 1205 1131 1231 1043 1120 1195 1178 1188 1134 934 1046 1167 1140 1192 1102 953 919 1055 1233 990 1179 1239 1235 1068 1115 935 1116
add-station 3845 23 1592 1483 1318 1393 1345 1461 1598 1466 1469 1445 1647 1568 1491 1603 1425 1279 1601 1489 1467 1594 1518 1497 1503
add-station 3191 23 1026 974 1103 1223 1024 1027 1117 1217 1233 1132 993 1251 998 937 1213 1189 1229 946 987 994 941 1106 1208
scrap-car 1974 689
add-station 4086 28 1635 1556 1666 1400 1238 1611 1460 1617 1444 1569 1486 1630 1632 1456 1307 1566 1327 1463 1623 1391 1252 1243 1500 1238 1648 1439 1387 1457
scrap-car 4 353
add-station 5216 19 452 469 459 419 503 527 520 496 463 418 552 434 450 482 521 489 517 508 480
add-station 2209 26 776 693 835 719 716 828 775 797 793 628 721 635 818 643 706 808 691 796 831 765 643 713 696 710 759 770
scrap-car 3861 1376
scrap-car 3312 1246
add-station 4315 18 1385 1279 1390 1559 1355 1325 1319 1558 1533 1329 1453 1181 1540 1321 1481 1386 1231 1199
add-station 4377 0
add-car 4377 1472
add-car 4377 1464
add-car 4377 1505
add-car 4377 1221
add-car 4377 1259
add-car 4377 1186
add-car 4377 1374
add-car 4377 1131
add-car 4377 1330
add-car 4377 1481
add-car 4377 1493
add-car 4377 1216
add-car 4377 1474
add-car 4377 1146
add-car 4377 1225
add-car 4377 1218
add-car 4377 1244
add-car 4377 1399
add-car 4377 1179
add-car 4377 1194
add-station 1449 25 579 592 518 572 634 673 521 619 611 674 515 631 569 672 599 531 563 596 552 627 548 649 693 535 578
add-station 1643 21 722 616 664 606 651 582 589 624 565 588 688 701 706 719 628 631 672 636 701 610 601
add-station 1501 26 632 541 619 542 704 563 611 704 705 673 683 542 584 578 709 567 591 597 535 533 668 555 672 626 549 634
add-station 3043 23 1043 1077 1109 1035 882 1084 1039 1035 969 918 1063 893 822 899 1039 1031 959 1048 1011 1100 945 863 980
add-station 3692 21 2895 615 2500 4605 5317 2501 312 2350 2502 5364 4802 2862 4370 254 3269 3034 4502 1425 860 3117 5477
scrap-car 2132 722
add-station 3812 24 1566 1408 1337 1245 1517 1435 1441 1326 1412 1220 1550 1555 1604 1228 1346 1633 1589 1301 1346 1278 1476 1268 1571 1500
add-station 3916 18 1668 1595 1242 1599 1290 1386 1277 1469 1528 1493 1624 1606 1428 1306 1295 1524 1494 1618
add-station 419 29 414 411 432 419 387 421 453 433 504 456 405 452 445 465 499 407 494 479 488 468 463 486 401 469 391 457 460 494 411
demolish-station 4609
add-station 3308 23 1126 1321 1353 1127 1161 1268 1334 1082 1068 1021 1129 1194 1296 1153 1132 1243 1251 1083 1301 1356 1061 1103 1134
add-station 3117 19 972 977 1186 1153 1110 1151 1146 1105 1187 1022 1047 1078 1110 1020 900 1052 987 1093 1067
add-station 2285 30 815 650 668 809 652 809 774 631 688 634 765 739 738 658 728 666 798 716 812 776 772 726 638 667 805 626 683 651 660 732
add-station 5568 29 130 144 149 135 116 117 122 138 151 128 151 151 143 134 142 126 118 128 136 128 115 143 115 144 113 128 118 131 112
add-station 5031 28 713 600 677 643 618 678 677 655 735 752 679 659 577 724 642 659 698 736 707 589 739 585 602 639 572 636 749 736
add-station 5451 0
add-car 5451 240
add-car 5451 271
add-car 5451 254
add-car 5451 213
add-car 5451 275
add-car 5451 268
add-car 5451 249
add-car 5451 211
add-car 5451 233
add-car 5451 280
add-car 5451 237
add-car 5451 238
add-car 5451 239
add-car 5451 280
add-car 5451 244
add-car 5451 284
add-car 5451 226
add-car 5451 259
add-car 5451 245
add-car 5451 262
add-car 5451 284
add-car 5451 231
add-car 5451 253
add-car 5451 217
add-car 5451 271
add-car 5451 232
add-car 5451 211
add-car 5451 262
add-car 5451 262
add-station 4088 29 1404 1320 1366 1329 1533 1354 1571 1537 1357 1666 1312 1581 1284 1237 1412 1571 1265 1256 1387 1479 1492 1582 1280 1607 1639 1620 1517 1609 1271
add-station 1752 26 569 572 642 688 574 713 757 581 735 680 673 704 745 701 592 720 590 664 623 625 766 705 674 637 667 623
add-station 611 19 542 488 430 465 470 554 484 450 524 517 530 522 442 482 563 477 429 482 461
add-car 3575 1332
add-station 2415 18 788 764 782 835 650 663 658 666 662 651 644 709 826 651 722 693 712 752
scrap-car 823 544
add-station 3508 30 1210 1363 1216 1196 1291 1295 1302 1496 1444 1370 1375 1182 1509 1163 1367 1468 1348 1515 1430 1137 1471 1491 1439 1490 1508 1261 1401 1295 1158 1363
add-station 918 26 600 517 474 562 570 489 527 502 491 618 534 616 466 554 520 612 560 536 601 476 516 479 572 600 502 511
add-station 1298 30 651 563 671 600 500 581 650 546 605 513 556 624 647 655 551 557 511 614 523 525 668 563 639 634 611 573 593 590 509 662
scrap-car 3726 1549
add-station 2995 28 834 817 894 955 818 828 945 967 864 961 1041 1015 794 924 861 958 823 1033 952 905 848 1029 809 846 919 896 792 1024
add-station 601 27 498 506 534 419 521 556 497 451 439 422 421 552 423 529 553 432 424 483 432 451 502 519 424 465 461 490 458
add-station 5354 22 296 377 311 382 338 365 321 298 342 312 294 382 354 354 296 349 364 337 372 351 316 360
add-station 1610 28 635 598 584 690 600 563 622 621 689 557 582 575 624 614 652 620 621 732 706 604 564 679 624 544 723 565 714 588
add-station 4174 23 1318 1575 1518 1329 1341 1571 1491 1383 1258 1539 1247 1421 1527 1661 1648 1354 1611 1258 1513 1492 1483 1390 1528
add-station 1062 26 490 563 591 529 503 572 607 481 492 522 517 620 606 591 588 558 634 593 519 505 639 511 545 540 521 626
add-station 4514 18 1214 1150 1286 1192 1149 1344 1181 1258 1260 1276 1301 1188 1205 1344 1033 1229 1359 1201
add-station 5524 24 189 202 164 153 185 196 159 175 187 185 151 159 164 184 188 165 201 186 164 186 187 194 165 180
add-station 3998 18 1591 1278 1526 1261 1593 1644 1576 1328 1513 1427 1596 1258 1468 1327 1374 1537 1478 1397
add-station 2621 27 676 750 857 743 764 818 657 744 697 660 764 651 838 816 709 807 861 641 748 771 668 818 840 661 796 787 740
add-station 960 24 598 509 506 550 532 558 479 561 563 505 482 484 563 531 544 590 592 548 554 476 525 532 556 584
add-station 1217 0
add-car 1217 607
add-car 1217 519
add-car 1217 633
add-car 1217 640
add-car 1217 587
add-car 1217 611
add-car 1217 581
add-car 1217 497
add-car 1217 546
add-car 1217 638
add-car 1217 625
add-car 1217 662
add-car 1217 527
add-car 1217 583
add-car 1217 539
add-car 1217 532
add-car 1217 598
add-car 1217 656
add-car 1217 500
add-station 3157 21 1046 1033 1006 1001 1179 1085 1058 1225 1042 958 1194 1024 970 1195 1088 1152 998 1175 919 1170 1102
add-station 3172 21 1122 1137 1056 1031 1193 1193 1029 1116 1092 1238 1200 1089 955 1024 1041 947 1182 946 1086 1176 1032
add-car 2209 647
add-station 5256 22 436 481 386 460 478 395 381 479 502 389 496 472 483 464 414 504 484 503 384 403 407 392
add-station 141 22 342 410 380 339 358 449 438 374 361 439 343 438 366 359 410 446 406 399 341 374 334 449
add-station 915 30 497 462 468 492 569 481 571 613 519 595 534 598 490 478 599 465 596 565 474 513 463 520 486 580 573 476 505 559 597 493
add-station 257 25 479 454 375 404 474 446 481 406 471 394 358 446 474 437 404 459 383 460 451 425 454 435 378 462 394
add-station 1028 0
add-car 1028 565
add-car 1028 518
add-car 1028 546
add-car 1028 606
add-car 1028 572
add-car 1028 542
add-car 1028 540
add-car 1028 474
add-car 1028 555
add-car 1028 502
add-car 1028 560
add-car 1028 472
add-car 1028 549
add-car 1028 529
add-car 1028 511
add-car 1028 482
add-car 1028 521
add-car 1028 632
add-car 1028 499
add-station 3819 0
add-car 3819 1365
add-car 3819 1231
add-car 3819 1469
add-car 3819 1606
add-car 3819 1643
add-car 3819 1300
add-car 3819 1222
add-car 3819 1624
add-car 3819 1265
add-car 3819 1466
add-car 3819 1337
add-car 3819 1418
add-car 3819 1570
add-car 3819 1354
add-car 3819 1606
add-car 3819 1389
add-car 3819 1333
add-car 3819 1616
add-car 3819 1381
add-car 3819 1375
add-car 3819 1243
add-car 3819 1273
add-car 3819 1303
add-car 3819 1622
add-car 3819 1442
add-car 3819 1250
add-car 3819 1501
add-car 3819 1246
add-station 604 26 534 453 471 493 540 562 437 483 552 469 497 541 501 417 425 533 429 547 488 545 554 557 526 544 522 527
add-station 228 19 402 432 418 408 413 391 429 366 446 389 466 371 435 458 429 457 422 404 386
add-station 5570 0
add-car 5570 133
add-car 5570 136
add-car 5570 146
add-car 5570 149
add-car 5570 112
add-car 5570 137
add-car 5570 148
add-car 5570 145
add-car 5570 130
add-car 5570 115
add-car 5570 135
add-car 5570 135
add-car 5570 149
add-car 5570 138
add-car 5570 140
add-car 5570 120
add-car 5570 119
add-car 5570 116
add-car 5570 119
add-car 5570 129
add-car 5570 138
add-car 5570 127
add-car 5570 129
add-car 5570 136
add-car 5570 129
add-station 3570 25 1402 1385 1260 1512 1208 1308 1527 1172 1534 1424 1240 1310 1187 1236 1542 1358 1463 1451 1361 1199 1371 1536 1428 1502 1551
add-station 662 19 525 454 435 460 484 448 460 554 468 571 469 500 556 545 532 543 507 476 493
add-station 2538 18 711 710 640 654 784 792 746 640 650 667 641 681 783 748 642 857 707 646
add-station 5289 28 393 369 460 403 440 452 402 394 452 394 414 427 372 440 417 375 449 365 472 448 369 395 384 373 472 429 397 399
add-station 2757 21 673 797 694 638 691 758 847 642 812 730 751 693 748 657 701 671 738 844 653 830 643
add-station 5514 19 203 207 177 160 177 178 186 188 180 209 172 197 198 204 193 200 177 176 209
add-station 4004 19 1596 1631 1441 1270 1555 1454 1337 1612 1581 1418 1675 1466 1551 1298 1440 1478 1428 1285 1523
add-station 1287 19 595 653 529 584 612 640 632 593 542 656 522 668 654 512 628 518 668 627 629
add-station 4711 22 976 1059 1046 1034 860 955 942 851 1099 1005 1105 1052 1053 1102 1048 901 895 1016 899 876 1063 1071
add-station 1707 26 656 637 722 690 659 722 710 584 695 640 579 678 727 591 683 613 612 747 657 613 702 672 638 566 673 594
add-station 4279 29 1524 1588 1285 1268 1475 1485 1416 1262 1330 1338 1499 1523 1300 1527 1344 1515 1273 1436 1333 1599 1267 1370 1372 1256 1237 1618 1547 1523 1591
scrap-car 3297 1252
add-station 3606 28 1187 1344 1506 1311 1542 1455 1225 1455 1199 1498 1493 1456 1533 1536 1307 1397 1508 1521 1318 1295 1258 1356 1386 1429 1477 1313 1209 1561
add-station 817 27 492 523 452 575 513 482 548 482 573 573 482 500 522 455 564 504 493 538 491 494 559 497 452 513 465 598 454
add-station 3789 19 1311 1458 1560 1354 1478 1560 1580 1337 1297 1225 1496 1474 1240 1334 1460 1504 1355 1220 1219
add-station 460 25 401 499 514 397 476 479 451 394 403 468 467 506 404 410 426 474 419 422 457 419 530 425 439 467 397
add-station 5375 19 315 343 280 366 297 291 332 324 294 292 355 363 367 368 328 286 309 335 277
add-station 648 28 490 556 488 556 431 524 537 522 442 511 462 529 488 556 446 478 537 536 452 471 426 478 497 561 492 563 509 439
add-station 4501 20 1096 1061 1316 1377 1057 1210 1242 1192 1035 1148 1166 1273 1264 1284 1350 1213 1101 1122 1303 1185
add-station 3646 23 891 5373 4580 3501 1752 890 4430 1988 1643 964 5021 3454 4460 3330 2202 14 4353 2174 2366 5639 2095 1577 1719
add-station 3414 0
add-car 3414 1239
add-car 3414 1404
add-car 3414 1415
add-car 3414 1229
add-car 3414 1112
add-car 3414 1123
add-car 3414 1327
add-car 3414 1367
add-car 3414 1221
add-car 3414 1267
add-car 3414 1151
add-car 3414 1106
add-car 3414 1288
add-car 3414 1400
add-car 3414 1366
add-car 3414 1394
add-car 3414 1133
add-car 3414 1329
add-car 3414 1240
add-car 3414 1096
add-car 3414 1170
add-car 3414 1391
add-station 3957 22 1477 1579 1567 1450 1278 1402 1443 1512 1610 1435 1434 1558 1297 1487 1458 1609 1568 1363 1618 1279 1346 1240
add-station 2122 28 717 744 737 661 638 620 738 711 764 661 757 732 659 660 659 819 654 769 820 629 685 764 703 649 665 707 812 785
add-station 3423 19 1253 1421 1384 1343 1377 1206 1192 1293 1175 1377 1443 1115 1130 1406 1121 1088 1233 1406 1379
add-station 4755 18 906 865 853 994 1055 807 924 1011 994 934 897 954 898 813 942 827 854 914
add-station 3908 18 1384 1662 1494 1306 1614 1669 1628 1284 1395 1368 1343 1404 1657 1443 1415 1504 1530 1642
add-station 2615 18 723 699 693 688 669 810 678 823 656 646 847 682 849 834 776 717 847 724
add-station 5179 27 496 571 451 591 567 536 468 569 534 555 596 547 445 538 450 489 526 514 447 565 495 468 523 519 521 556 595
add-station 3793 25 1645 1635 1631 1624 1394 1305 1233 1455 1452 1273 1260 1300 1431 1450 1247 1269 1377 1620 1546 1613 1463 1434 1602 1258 1608
add-station 5110 0
add-car 5110 673
add-car 5110 560
add-car 5110 507
add-car 5110 673
add-car 5110 601
add-car 5110 615
add-car 5110 522
add-car 5110 653
add-car 5110 503
add-car 5110 636
add-car 5110 570
add-car 5110 602
add-car 5110 627
add-car 5110 567
add-car 5110 516
add-car 5110 631
add-car 5110 555
add-car 5110 513
add-station 5505 20 201 218 171 205 182 186 176 200 181 200 222 209 212 186 170 214 193 176 209 195
add-station 3896 22 1527 1460 1410 1493 1269 1590 1386 1662 1333 1589 1393 1624 1262 1584 1552 1267 1515 1380 1413 1596 1499 1284
add-station 1286 27 613 570 526 558 545 551 605 621 534 615 589 656 668 586 655 557 660 616 601 599 548 502 509 519 649 648 661
scrap-car 1752 713
add-station 2710 30 857 768 665 835 813 652 781 746 790 777 656 860 723 852 784 744 685 746 689 708 779 694 732 739 799 818 778 790 837 780
add-station 5055 0
add-car 5055 651
add-car 5055 687
add-car 5055 688
add-car 5055 662
add-car 5055 647
add-car 5055 635
add-car 5055 597
add-car 5055 575
add-car 5055 699
add-car 5055 591
add-car 5055 564
add-car 5055 624
add-car 5055 598
add-car 5055 686
add-car 5055 691
add-car 5055 699
add-car 5055 631
add-car 5055 711
add-car 5055 687
add-station 5131 22 548 589 616 650 566 542 540 617 531 548 563 515 599 516 528 504 587 556 625 651 533 500
add-station 86 27 366 330 355 343 385 434 351 360 418 330 329 381 401 376 324 324 425 346 396 399 344 422 329 376 371 388 435
add-station 1940 28 625 790 742 704 595 679 592 592 631 799 749 660 666 724 669 714 782 635 798 632 695 781 627 691 622 786 626 630
plan-route 611 5512
add-station 2492 23 638 778 757 794 671 808 834 644 840 790 755 822 801 804 685 750 790 833 705 735 816 639 763
add-station 4905 26 728 903 708 874 707 885 751 782 814 843 751 711 703 825 780 711 719 865 748 680 711 681 875 713 717 745
add-car 4193 1613
add-station 1313 20 619 672 573 553 569 595 591 663 511 583 658 576 676 590 672 610 653 508 616 672
add-station 765 28 519 574 554 519 498 527 548 517 583 587 559 530 544 466 591 500 445 530 471 488 584 456 516 442 585 452 449 543
add-station 77 0
add-car 77 377
add-car 77 431
add-car 77 363
add-car 77 415
add-car 77 422
add-car 77 415
add-car 77 384
add-car 77 409
add-car 77 432
add-car 77 429
add-car 77 414
add-car 77 392
add-car 77 348
add-car 77 345
add-car 77 404
add-car 77 409
add-car 77 412
add-car 77 371
add-car 77 369
add-car 77 331
add-car 77 356
add-car 77 373
add-car 77 381
add-car 77 416
add-car 77 367
add-car 77 429
add-car 77 412
add-car 77 364
add-station 5344 24 328 325 314 374 323 381 324 321 314 319 364 312 349 346 351 386 304 304 310 395 321 403 382 359
add-station 3680 22 1214 1586 1396 1250 1548 1364 1565 1523 1290 1478 1213 1347 1393 1307 1231 1342 1355 1468 1310 1344 1336 1548
add-station 4996 25 805 632 617 665 640 657 698 616 774 758 742 762 625 671 657 735 710 717 748 617 676 786 797 683 770
plan-route 5570 577
add-station 2439 27 776 704 708 643 750 681 762 708 825 722 809 749 660 835 715 842 726 820 663 755 703 733 712 727 710 771 839
add-station 2291 19 623 838 802 668 754 753 661 837 693 680 625 624 698 725 681 674 759 751 759
add-station 976 30 526 517 551 524 503 629 537 630 558 608 621 522 490 540 542 558 519 535 630 620 527 629 484 597 630 472 561 590 629 533
add-station 2866 30 880 850 765 833 695 665 823 707 770 732 880 835 810 805 840 668 831 680 710 832 656 836 779 731 696 690 805 673 695 720
add-car 2515 1091
add-station 1016 19 534 517 636 507 476 633 589 605 602 563 568 542 577 483 533 560 503 627 537
add-car 5131 517
add-station 2772 27 825 744 804 678 747 858 685 690 842 742 802 744 646 723 812 652 689 758 832 677 657 752 686 823 814 776 788
add-station 227 24 442 394 358 444 460 432 356 402 434 441 435 461 470 382 455 456 463 473 393 395 458 375 394 401
add-station 2780 21 663 756 714 729 683 755 846 754 703 851 744 785 795 683 817 716 751 649 725 727 817
add-station 5305 18 337 436 362 341 364 391 432 420 342 353 338 424 379 450 379 372 446 369
add-station 3507 27 1465 1315 1428 1330 1265 1165 1138 1182 1395 1381 1345 1168 1131 1232 1231 1314 1508 1439 1516 1306 1328 1234 1513 1250 1209 1137 1438
add-station 2773 19 679 773 686 666 719 751 741 778 735 659 813 844 769 722 854 736 738 682 770
add-station 4876 20 928 922 791 898 803 771 733 739 824 931 885 775 760 932 783 890 838 877 935 780
add-station 4132 19 1522 1262 1333 1272 1514 1389 1664 1459 1565 1467 1518 1235 1252 1625 1453 1364 1234 1349 1639
add-station 362 26 429 500 498 452 498 388 433 402 396 453 436 432 479 446 495 445 430 418 380 414 390 399 473 495 430 449
add-station 3709 21 1574 1382 1394 1460 1361 1472 1581 1590 1201 1604 1268 1349 1619 1398 1326 1287 1587 1258 1429 1388 1347
add-station 3194 29 946 1211 1112 1229 1159 1125 1157 1127 1114 988 1242 1267 1227 1242 1265 1214 1246 1221 1106 1149 1036 957 1003 1097 1023 1017 992 1065 1072
add-station 2497 28 661 710 649 725 856 734 830 677 659 768 743 853 761 842 727 769 735 824 741 794 757 726 698 650 832 812 749 767
add-station 436 0
add-car 436 408
add-car 436 424
add-car 436 450
add-car 436 394
add-car 436 402
add-car 436 463
add-car 436 467
add-car 436 491
add-car 436 430
add-car 436 410
add-car 436 401
add-car 436 450
add-car 436 464
add-car 436 451
add-car 436 461
add-car 436 477
add-car 436 416
add-car 436 468
add-car 436 402
add-station 2775 29 660 846 657 677 717 782 783 736 850 697 647 814 862 687 753 658 798 764 718 657 786 712 705 697 695 863 732 805 729
add-station 3623 28 1316 1384 1516 1334 1190 1509 1202 1192 1550 1212 1314 1560 1331 1343 1257 1361 1300 1515 1370 1366 1246 1402 1399 1546 1323 1191 1512 1333
add-station 5559 24 119 138 137 153 122 158 139 150 157 156 136 140 159 147 153 156 156 150 148 141 138 153 147 139
add-station 4425 25 1297 1412 1271 1140 1086 1444 1370 1338 1116 1424 1272 1172 1162 1427 1200 1120 1175 1248 1399 1220 1317 1104 1275 1415 1415
add-station 2087 25 715 817 695 709 671 678 700 643 731 777 715 655 651 722 734 751 670 764 781 797 673 682 687 609 672
add-station 3814 26 1452 1615 1389 1411 1539 1326 1639 1234 1364 1586 1351 1345 1540 1632 1409 1227 1304 1594 1545 1508 1430 1402 1630 1429 1380 1529
add-station 3589 28 1443 1215 1172 1364 1346 1515 1468 1390 1482 1397 1296 1461 1270 1499 1392 1161 1380 1459 1236 1408 1398 1499 1455 1416 1305 1179 1469 1357
add-station 2871 24 660 738 761 736 830 750 718 670 724 677 761 784 660 790 803 885 786 749 737 719 785 695 717 847
add-car 3312 1219
add-station 5579 0
add-car 5579 131
add-car 5579 126
add-car 5579 125
add-car 5579 106
add-car 5579 136
add-car 5579 136
add-car 5579 114
add-car 5579 127
add-car 5579 112
add-car 5579 111
add-car 5579 127
add-car 5579 112
add-car 5579 108
add-car 5579 134
add-car 5579 136
add-car 5579 102
add-car 5579 132
add-car 5579 112
add-car 5579 102
add-car 5579 119
add-car 5579 102
add-car 5579 104
add-car 5579 138
add-car 5579 120
add-car 5579 116
add-car 5579 108
add-car 5579 120
add-station 2249 22 646 673 684 691 743 751 811 631 723 753 835 828 728 777 690 808 818 767 642 829 658 749
add-station 908 25 604 465 611 531 468 578 520 608 546 504 461 582 597 564 560 485 586 590 558 573 602 553 548 586 469
add-station 5130 25 601 519 588 565 612 588 581 592 513 649 528 583 603 626 511 522 560 629 637 649 651 639 622 592 611
add-station 1691 0
add-car 1691 674
add-car 1691 682
add-car 1691 625
add-car 1691 709
add-car 1691 635
add-car 1691 677
add-car 1691 738
add-car 1691 613
add-car 1691 642
add-car 1691 612
add-car 1691 674
add-car 1691 699
add-car 1691 622
add-car 1691 633
add-car 1691 678
add-car 1691 573
add-car 1691 646
add-car 1691 691
add-car 1691 583
add-station 2863 22 760 794 810 840 761 723 834 776 819 739 861 691 807 861 651 751 706 675 713 755 867 862
add-station 3699 29 1425 1239 1264 1356 1334 1594 1537 1601 1500 1200 1287 1333 1457 1353 1215 1507 1338 1548 1432 1212 1406 1347 1440 1446 1493 1520 1415 1449 1413
add-station 2454 24 826 780 657 838 798 816 633 700 665 747 673 812 739 661 736 768 654 657 840 792 652 855 810 709
add-station 5063 28 591 543 607 549 589 634 550 552 599 612 569 596 589 676 644 708 694 578 696 716 624 631 626 624 603 622 599 577
add-station 1898 19 757 680 636 766 784 622 711 737 704 702 748 750 747 602 692 658 647 726 625
add-station 2055 26 751 774 789 800 762 796 716 632 623 622 807 783 614 642 643 607 642 769 709 626 788 771 811 657 719 679
add-car 2684 771
add-station 596 22 481 452 527 422 445 517 464 441 510 491 542 466 555 433 484 452 444 417 496 433 552 528
add-station 858 23 478 453 487 559 555 525 526 592 564 553 462 502 535 479 494 586 471 576 601 596 556 560 548
add-station 3949 27 1286 1619 1602 1353 1599 1510 1635 1517 1340 1670 1327 1561 1393 1367 1310 1370 1244 1587 1550 1411 1346 1622 1588 1596 1248 1503 1286
add-station 3141 25 1001 946 1046 1057 931 1212 1113 1089 1167 1152 985 960 1035 1096 973 943 1049 1148 1046 914 904 970 1069 1016 1098
add-station 1136 28 615 572 484 547 506 635 494 639 566 498 510 500 629 573 486 571 600 649 602 485 609 486 548 544 601 634 577 571
add-station 1528 24 585 583 616 617 641 686 662 643 676 646 698 675 604 537 569 678 606 649 650 711 597 575 636 707
add-station 2878 26 716 708 798 755 684 882 804 698 696 718 699 748 677 788 683 679 764 807 726 671 794 852 813 793 767 711
add-station 1594 24 578 627 651 604 676 591 580 629 717 570 578 613 633 669 698 674 671 564 565 554 614 703 681 648
demolish-station 3692
add-station 5274 28 448 475 410 475 459 412 445 467 403 404 448 369 448 476 388 442 400 467 369 437 368 387 486 433 372 489 422 363
add-station 1167 18 639 651 644 650 606 595 632 522 527 517 563 548 638 627 600 641 603 564
add-station 827 28 517 574 593 448 586 521 509 526 448 476 455 480 567 584 451 580 513 495 459 447 511 531 555 481 485 585 567 574
add-station 444 18 472 433 431 505 492 481 464 483 523 395 476 448 447 444 415 509 512 465
add-station 1028 24 5136 1292 4306 728 828 5532 4562 5339 1720 4010 38 1537 4348 2337 2638 3049 4010 5113 641 3559 2847 4281 1188 2570
add-station 2165 19 677 778 806 694 689 658 649 825 799 769 791 728 622 763 687 825 783 708 707
demolish-station 460
plan-route 5131 611
add-station 4313 26 1295 1338 1348 1575 1181 1579 1185 1345 1185 1209 1479 1463 1333 1322 1441 1302 1300 1584 1547 1184 1195 1232 1428 1251 1246 1573
scrap-car 3614 1317
add-station 1749 25 706 604 706 711 759 654 608 630 611 598 642 596 573 636 605 716 647 628 635 612 615 628 727 638 596
add-station 1762 24 693 677 620 765 755 754 701 569 637 635 734 569 676 679 592 757 762 655 629 643 679 625 754 619
add-station 225 26 393 410 425 402 450 390 455 365 451 433 369 377 458 461 371 458 445 356 394 350 439 369 421 352 380 390
add-station 341 19 459 440 378 443 409 476 380 438 410 424 384 471 405 455 374 423 499 390 491
add-station 2972 27 903 880 782 934 918 804 796 987 804 797 1012 1018 787 851 814 878 822 914 954 778 851 998 844 758 850 912 811
add-station 5361 22 319 338 367 306 327 353 352 328 316 369 374 356 333 294 351 333 384 378 378 378 296 379
add-station 5623 22 76 83 66 84 76 73 74 71 77 84 84 77 73 72 81 86 80 68 66 74 78 75
add-station 1425 22 550 610 624 649 667 650 523 564 571 675 650 599 629 654 518 679 603 662 690 570 576 583
add-station 4431 18 1199 1360 1195 1203 1292 1269 1131 1245 1316 1357 1087 1333 1334 1079 1455 1343 1194 1151
scrap-car 5289 383
add-car 2122 727
plan-route 5131 1449
add-station 4553 21 1182 1163 1008 1123 1316 1306 1142 1130 1161 1200 1054 1171 1188 1185 1164 1223 1002 1119 1270 1033 985
add-station 3583 19 1271 1464 1301 1209 1290 1221 1229 1496 1413 1548 1391 1230 1281 1356 1471 1300 1173 1322 1420
add-station 5367 28 296 293 322 376 326 350 331 323 368 380 328 311 295 380 318 293 321 351 306 304 365 325 317 352 319 302 348 315
add-station 1522 27 681 566 590 627 684 689 673 715 544 668 581 635 554 692 694 615 617 624 662 594 661 626 537 716 560 660 699
add-car 3165 1212
scrap-car 1594 703
plan-route 4927 141
add-station 3358 19 1292 1077 1124 1259 1147 1083 1195 1081 1305 1137 1255 1112 1377 1288 1409 1258 1215 1402 1392
add-station 1925 28 707 634 748 731 598 626 793 790 674 786 792 715 782 612 681 591 790 590 779 781 659 694 603 593 678 681 688 632
add-station 2427 0
add-car 2427 636
add-car 2427 646
add-car 2427 651
add-car 2427 675
add-car 2427 679
add-car 2427 802
add-car 2427 685
add-car 2427 664
add-car 2427 768
add-car 2427 668
add-car 2427 819
add-car 2427 674
add-car 2427 703
add-car 2427 663
add-car 2427 763
add-car 2427 750
add-car 2427 774
add-car 2427 736
add-car 2427 730
add-car 2427 705
add-car 2427 693
add-car 2427 641
add-car 2427 814
add-car 2427 691
add-car 2427 690
add-car 2427 660
add-car 2427 852
plan-route 436 5568
add-station 3195 20 1166 996 991 961 1179 1060 1028 1201 1052 1044 948 1213 973 1126 1219 1088 1264 1084 990 1244
add-station 2451 26 799 663 824 695 661 676 777 680 662 819 671 803 790 660 762 691 716 755 838 818 806 636 835 855 796 754
add-station 5210 30 470 541 476 487 558 445 505 434 417 468 489 427 425 562 550 463 499 539 454 540 540 425 552 480 516 431 455 443 462 545
add-station 894 18 509 467 611 519 587 567 487 592 579 475 530 579 487 470 462 566 498 547
scrap-car 1925 669
scrap-car 1956 3501
add-station 3736 0
add-car 3736 1373
add-car 3736 1204
add-car 3736 1250
add-car 3736 1335
add-car 3736 1433
add-car 3736 1404
add-car 3736 1585
add-car 3736 1210
add-car 3736 1555
add-car 3736 1434
add-car 3736 1262
add-car 3736 1580
add-car 3736 1241
add-car 3736 1315
add-car 3736 1542
add-car 3736 1486
add-car 3736 1577
add-car 3736 1323
add-car 3736 1277
add-car 3736 1432
add-car 3736 1399
add-car 3736 1544
add-car 3736 1521
add-car 3736 1320
add-car 3736 1514
add-car 3736 1266
add-car 3736 1485
add-car 3736 1594
add-car 3736 1297
add-car 168 422
add-station 707 24 532 433 528 567 460 499 471 579 438 582 508 555 569 566 512 518 518 513 448 528 457 541 552 462
add-station 5226 25 421 432 454 410 518 438 417 511 463 464 433 450 451 513 505 410 526 408 451 533 533 494 436 523 495
add-station 3769 22 1539 1304 1496 1589 1354 1338 1321 1266 1528 1294 1219 1457 1270 1504 1532 1588 1607 1543 1275 1532 1218 1370
add-station 832 21 458 511 481 514 538 594 452 494 536 493 583 550 583 559 489 500 539 518 458 524 487
add-station 4936 18 840 868 744 676 677 845 863 876 769 824 736 828 782 650 730 660 650 722
add-station 1019 27 601 629 563 591 542 632 483 534 614 485 601 541 522 535 614 483 504 478 526 608 591 623 507 529 471 510 476
add-station 3524 28 1421 1228 1432 1475 1141 1171 1357 1457 1211 1304 1385 1264 1166 1135 1389 1263 1452 1412 1476 1148 1378 1281 1407 1484 1135 1188 1287 1505
plan-route 601 5570
add-station 5066 25 598 693 563 590 638 565 567 689 681 576 729 595 566 600 653 628 613 677 716 706 539 661 592 595 564
add-station 1177 26 511 661 557 589 588 644 490 638 537 594 541 640 523 519 501 632 651 561 644 565 566 496 521 500 600 529
add-station 4095 27 1551 1463 1532 1462 1244 1397 1427 1513 1355 1292 1289 1516 1457 1276 1246 1269 1422 1640 1350 1656 1257 1321 1501 1296 1392 1283 1388
add-station 276 26 405 436 412 438 384 391 472 390 407 454 466 416 457 378 375 427 484 453 475 481 445 425 441 364 425 466
add-station 5162 24 562 469 523 585 477 478 496 504 524 465 572 519 568 606 544 462 596 475 549 499 609 484 489 565
add-station 2974 27 764 763 916 961 908 1021 930 983 813 770 940 989 1001 965 953 879 950 829 981 863 759 844 823 916 888 817 805
add-station 3159 27 1008 1186 1212 1182 934 1186 1143 1150 1009 1216 1065 942 1113 1143 1074 936 1179 1233 1044 1015 949 1144 980 1043 1006 990 962
add-station 3096 24 868 1076 1101 1070 1046 884 1084 1155 1069 1065 871 975 1003 907 1098 1040 964 1102 1131 887 1123 1149 907 1012
add-car 2757 702
add-station 754 27 502 571 440 543 586 505 520 546 581 584 501 492 538 528 514 592 560 561 559 481 587 526 569 459 574 479 484
add-station 3051 22 887 871 903 1104 1083 1080 993 901 1068 959 930 841 1097 1077 890 839 1109 1100 960 922 918 873
add-car 1012 507
plan-route 5055 817
scrap-car 1449 515
add-station 3830 28 1293 1612 1331 1550 1610 1377 1247 1296 1316 1552 1330 1499 1487 1612 1559 1493 1354 1314 1641 1269 1650 1358 1268 1407 1430 1331 1417 1564
add-station 3249 26 1007 1245 1125 1301 1245 1140 1006 1235 1076 1019 1057 1262 1231 1309 1034 1139 1017 1203 1030 1282 1114 1270 981 1055 1085 1237
add-station 1111 18 483 562 491 647 492 619 650 586 609 493 580 494 628 607 618 547 528 597
add-station 4379 20 1263 1188 1357 1336 1204 1277 1514 1437 1259 1460 1473 1251 1212 1372 1494 1321 1137 1329 1148 1329
add-station 4446 29 1402 1369 1405 1306 1351 1104 1382 1155 1432 1310 1195 1071 1074 1248 1102 1391 1375 1113 1209 1310 1242 1175 1181 1359 1408 1395 1337 1187 1325
add-station 1951 22 796 777 686 649 678 777 690 724 659 705 631 766 616 785 654 762 796 700 603 628 626 751
add-station 2255 0
add-car 2255 710
add-car 2255 737
add-car 2255 651
add-car 2255 779
add-car 2255 718
add-car 2255 681
add-car 2255 840
add-car 2255 664
add-car 2255 812
add-car 2255 834
add-car 2255 641
add-car 2255 814
add-car 2255 708
add-car 2255 639
add-car 2255 786
add-car 2255 649
add-car 2255 689
add-car 2255 631
add-car 2255 810
add-car 2255 639
add-car 2255 730
add-car 2255 787
add-car 2255 768
add-car 2255 628
add-car 2255 816
add-car 2255 673
add-car 2255 739
add-station 4254 26 1461 1548 1564 1413 1282 1619 1593 1382 1315 1272 1521 1247 1318 1292 1517 1352 1523 1334 1377 1273 1374 1636 1598 1479 1341 1248
add-station 2445 20 841 790 671 854 689 768 822 755 732 843 657 850 762 713 758 714 824 714 719 717
add-station 5671 29 31 27 28 24 29 31 28 24 25 32 32 24 25 31 32 25 27 26 29 28 32 32 32 26 24 31 26 30 25
add-station 3897 21 1640 1470 1650 1264 1407 1461 1525 1410 1300 1529 1546 1332 1449 1472 1536 1663 1520 1316 1311 1333 1447
add-station 2456 18 724 701 762 763 734 818 789 670 853 657 764 712 744 791 752 728 849 822
add-station 678 27 435 576 550 467 492 432 428 442 558 504 543 437 544 549 437 471 514 504 534 473 455 514 471 518 542 562 450
add-station 28 20 417 394 370 376 379 355 376 355 361 323 328 346 418 323 334 409 322 397 351 378
add-station 2748 21 639 747 716 765 648 738 650 791 816 845 834 677 827 830 721 689 674 821 717 712 778
add-station 1362 22 534 530 630 601 559 682 528 582 654 511 656 653 647 612 675 509 637 529 613 530 678 620
add-station 5123 27 639 635 554 619 560 628 558 522 581 579 566 527 614 644 490 544 625 525 516 510 531 530 600 540 646 528 541
add-station 2054 30 730 663 625 814 807 612 635 608 737 662 627 727 759 716 737 780 686 742 631 700 815 668 646 659 786 610 815 801 768 694
add-station 865 18 481 533 539 453 542 597 455 526 519 500 507 485 455 529 552 452 592 470
add-station 374 0
add-car 374 422
add-car 374 441
add-car 374 379
add-car 374 505
add-car 374 439
add-car 374 434
add-car 374 389
add-car 374 380
add-car 374 480
add-car 374 398
add-car 374 445
add-car 374 422
add-car 374 436
add-car 374 443
add-car 374 452
add-car 374 378
add-car 374 467
add-car 374 459
add-car 374 390
add-car 374 463
add-car 374 455
add-car 976 608
add-station 1987 20 781 728 795 661 695 748 614 724 657 618 627 690 612 615 673 757 664 791 625 764
add-station 2111 28 788 613 797 751 752 822 808 703 629 734 774 813 729 714 672 738 801 646 777 754 756 645 725 795 759 674 734 781
add-station 2731 19 760 861 770 646 721 856 674 742 709 858 747 711 638 658 741 823 733 706 696
add-car 265 3873
add-station 4801 23 811 821 783 797 1004 792 925 866 790 768 882 869 954 905 986 1027 888 789 776 792 908 956 1008
add-station 4068 22 1538 1493 1351 1643 1580 1284 1598 1361 1395 1590 1607 1567 1244 1671 1604 1602 1238 1547 1495 1495 1333 1417
add-station 4986 25 724 788 766 674 643 632 801 700 710 759 803 705 649 665 619 819 758 803 758 786 671 710 748 658 781
add-car 1362 542
scrap-car 729 516
add-station 1429 21 661 574 635 586 571 638 608 534 543 565 553 618 523 655 580 601 536 637 537 537 690
add-station 2563 28 736 660 843 774 725 839 663 669 637 783 759 752 699 841 813 656 654 679 815 689 844 701 807 718 707 708 646 748
scrap-car 2055 621
add-station 2892 19 811 918 792 692 839 793 887 752 844 742 810 734 793 789 862 757 705 841 723
add-station 2856 23 681 733 715 710 716 674 710 717 698 675 845 763 734 803 705 779 801 815 824 690 783 702 777
scrap-car 1204 3205
add-station 89 0
add-car 89 376
add-car 89 411
add-car 89 437
add-car 89 327
add-car 89 333
add-car 89 376
add-car 89 326
add-car 89 350
add-car 89 354
add-car 89 435
add-car 89 426
add-car 89 386
add-car 89 369
add-car 89 374
add-car 89 382
add-car 89 378
add-car 89 376
add-car 89 345
add-car 89 382
add-car 89 402
add-car 89 325
add-car 89 338
add-car 89 375
add-car 89 419
add-station 1311 29 520 501 590 573 678 645 555 559 658 601 569 535 666 632 596 501 642 640 558 636 628 602 563 580 523 640 512 544 651
add-station 1835 24 640 589 753 658 682 724 577 601 752 602 597 697 697 771 678 732 735 737 727 632 641 578 698 579
add-station 4598 22 1053 970 943 1234 1017 1244 958 1115 1194 973 1052 1209 1199 1009 1182 1053 1085 1254 947 1255 1110 985
add-station 4283 23 1611 1271 1346 1461 1496 1212 1372 1498 1528 1283 1499 1297 1207 1357 1621 1527 1472 1404 1347 1439 1436 1284 1280
add-station 514 26 499 494 481 528 416 528 404 403 512 430 468 511 499 415 516 419 441 458 501 447 482 421 529 505 463 461
add-car 616 4685
add-station 1049 26 612 552 595 510 508 575 490 614 602 540 642 533 619 560 612 555 542 566 599 491 574 610 623 515 624 526
add-station 3490 21 1308 1207 1376 1378 1448 1436 1314 1419 1284 1428 1501 1317 1473 1119 1492 1154 1331 1478 1131 1204 1464
demolish-station 5623
add-station 5598 30 89 97 88 94 88 87 115 97 96 109 97 96 101 89 108 108 113 110 95 115 111 108 110 98 107 106 117 93 93 101
add-station 1446 21 624 524 658 595 668 530 515 592 530 528 535 529 571 652 676 520 570 692 585 654 575
add-station 3335 28 1271 1068 1253 1320 1342 1394 1285 1227 1263 1056 1385 1235 1239 1339 1108 1137 1300 1201 1075 1167 1331 1285 1282 1390 1147 1239 1178 1180
add-station 199 23 423 454 417 369 435 461 414 435 463 446 351 432 436 417 465 460 452 390 460 387 439 439 361
add-station 4233 26 1518 1417 1276 1397 1431 1304 1270 1626 1272 1585 1274 1409 1287 1607 1288 1476 1410 1398 1249 1457 1243 1550 1541 1598 1360 1299
demolish-station 1136
add-station 4058 21 1288 1265 1644 1652 1385 1546 1672 1382 1325 1577 1336 1321 1348 1337 1290 1632 1528 1339 1406 1615 1594
add-station 4128 23 1552 1505 1248 1590 1369 1650 1382 1328 1342 1253 1476 1592 1418 1598 1434 1639 1590 1670 1515 1656 1299 1454 1435
add-station 723 20 542 452 514 550 541 486 496 513 445 463 563 495 458 476 433 471 586 438 509 461
add-station 2603 29 777 806 823 755 788 684 801 860 787 687 709 677 770 823 833 782 806 660 783 782 707 819 853 781 709 698 715 776 805
add-station 4159 20 1375 1447 1274 1589 1551 1484 1573 1516 1636 1234 1304 1521 1328 1252 1591 1350 1242 1463 1269 1539
add-station 1282 22 662 646 653 538 517 508 544 513 572 636 664 607 533 541 667 620 504 577 615 562 604 564
add-station 3219 30 1272 1249 1283 1135 1159 1269 1135 1255 1105 957 1116 1087 1014 1234 1041 1214 1228 1119 1199 1113 1206 1116 1058 1091 964 1017 1006 1209 1225 973
add-station 475 21 438 495 533 401 480 475 426 442 534 440 497 421 451 488 414 445 414 520 424 472 485
add-station 2843 23 665 784 653 736 800 646 759 668 767 817 784 783 793 759 806 800 725 805 762 733 769 777 715
add-station 3692 28 1371 1588 1293 1602 1276 1330 1515 1424 1562 1235 1456 1468 1521 1370 1333 1549 1475 1583 1550 1566 1391 1239 1216 1274 1229 1554 1409 1204
add-station 4791 27 1033 788 826 921 1035 1007 888 898 911 937 887 813 957 865 984 772 992 814 1013 986 931 789 974 881 896 1033 849
add-station 3008 26 1002 996 904 886 912 978 821 1054 953 1019 828 803 877 931 798 1019 965 811 1043 864 953 909 979 1028 835 991
add-station 434 18 477 423 409 447 406 404 515 409 431 495 485 437 500 452 466 428 481 415
add-station 5642 23 55 57 61 66 53 60 55 53 66 62 61 52 52 62 62 59 50 55 56 53 58 62 64
add-station 191 22 395 387 350 463 448 384 405 395 379 355 380 442 420 460 418 416 358 445 460 370 416 433
add-station 3387 26 1370 1326 1386 1234 1080 1157 1237 1367 1412 1275 1078 1358 1095 1254 1301 1274 1240 1253 1157 1357 1125 1092 1337 1091 1391 1101
add-station 3833 25 1401 1592 1546 1576 1515 1458 1477 1611 1601 1432 1612 1628 1357 1288 1544 1324 1406 1243 1498 1300 1367 1273 1574 1483 1445
add-station 5493 18 230 193 230 180 225 206 177 236 184 232 193 196 209 221 211 185 219 212
add-station 4565 20 1057 1295 1301 1093 1286 1044 1093 1007 974 1187 1028 1012 1184 1185 1000 1206 1239 1183 1259 1264
add-station 750 0
add-car 750 517
add-car 750 462
add-car 750 529
add-car 750 584
add-car 750 466
add-car 750 590
add-car 750 461
add-car 750 533
add-car 750 482
add-car 750 582
add-car 750 499
add-car 750 491
add-car 750 579
add-car 750 468
add-car 750 573
add-car 750 536
add-car 750 440
add-car 750 585
add-station 19 25 403 361 346 406 349 354 327 388 416 350 320 333 321 370 406 339 411 365 311 362 335 347 357 322 407
plan-route 434 5683
add-station 2566 19 710 756 646 816 728 809 780 668 822 829 780 731 682 751 846 844 856 758 823
add-car 3051 902
add-station 1766 28 676 750 723 682 572 576 703 718 577 748 597 602 639 705 617 610 764 596 641 573 758 725 645 575 753 612 651 710
add-station 4137 25 1614 1594 1270 1239 1410 1616 1238 1616 1234 1352 1438 1412 1249 1557 1609 1601 1603 1386 1446 1619 1327 1495 1361 1590 1493
add-station 4796 18 893 785 1020 940 891 944 910 972 802 994 856 894 772 910 966 904 1002 930
add-station 481 27 423 487 458 509 523 532 533 400 436 493 454 518 477 420 421 466 410 410 442 505 400 424 521 442 458 504 414
add-station 4345 19 1415 1280 1368 1441 1271 1388 1299 1552 1442 1180 1166 1235 1212 1160 1494 1184 1181 1198 1168
add-station 4351 30 1345 1161 1345 1293 1292 1185 1445 1356 1312 1284 1149 1418 1178 1337 1286 1415 1227 1385 1161 1157 1532 1248 1287 1550 1454 1440 1492 1281 1182 1305
add-station 5541 30 140 163 172 143 177 147 163 168 164 155 161 168 156 155 144 174 170 166 169 171 136 146 135 159 164 136 155 164 142 154
demolish-station 823
add-station 4594 19 1002 988 1017 976 1219 1011 1254 1078 1004 1208 970 1002 1061 950 1082 1101 1111 1031 1186
add-station 4960 29 709 780 693 741 632 667 831 781 827 796 803 830 843 665 647 744 803 657 730 803 655 735 813 736 830 752 785 842 772
add-station 2205 30 769 639 714 730 649 748 823 684 830 704 797 772 718 639 642 666 817 663 799 644 786 811 627 821 658 738 649 686 766 822
add-station 3562 25 1509 1319 1334 1422 1212 1244 1147 1328 1312 1179 1539 1187 1220 1413 1364 1366 1426 1199 1389 1406 1464 1410 1456 1221 1427
add-station 4437 30 1091 1267 1107 1175 1265 1417 1102 1273 1173 1432 1237 1335 1443 1259 1159 1332 1433 1209 1336 1226 1223 1443 1344 1073 1437 1352 1186 1310 1390 1382
add-station 2015 19 660 707 663 753 791 750 599 604 762 769 736 606 729 691 766 756 774 671 757
plan-route 5354 729
add-station 1631 22 659 717 691 726 651 572 562 659 638 597 712 572 578 707 662 560 719 645 642 706 611 580
add-station 5171 21 460 598 514 567 524 481 502 459 607 451 453 506 456 450 556 525 516 525 531 481 469
add-station 3718 19 1414 1589 1499 1497 1214 1459 1553 1222 1493 1494 1436 1441 1253 1287 1562 1221 1286 1571 1430
demolish-station 341
scrap-car 3423 1115
add-station 5291 29 350 384 348 468 393 357 450 410 357 422 369 407 399 364 468 450 447 430 454 447 427 417 357 384 412 372 444 414 399
add-station 1765 20 660 597 660 583 707 639 702 693 745 634 729 691 762 601 712 626 603 723 761 701
add-station 415 27 478 427 483 520 442 464 455 393 432 388 417 418 481 467 416 450 475 474 492 494 454 388 425 482 500 508 441
add-station 296 19 468 376 476 372 482 418 492 412 462 461 386 394 448 417 406 485 414 435 381
add-station 116 29 410 406 372 341 331 397 330 359 437 407 354 334 350 401 414 430 416 420 420 368 441 344 400 330 376 375 368 345 443
add-station 251 27 420 419 367 375 450 417 371 474 481 377 372 433 408 464 389 471 402 370 398 377 362 365 436 458 393 460 462
demolish-station 1951
add-car 1217 512
add-station 4828 28 968 750 919 910 885 980 777 816 958 812 980 869 903 777 999 807 833 891 936 851 881 811 754 946 874 987 865 928
add-station 5432 21 244 231 289 254 251 274 300 233 261 236 276 295 233 293 231 273 227 295 234 253 260
add-station 2622 28 712 758 823 804 667 642 729 781 643 850 752 695 785 681 771 688 799 785 780 691 744 787 824 684 724 704 699 818
add-station 192 26 363 402 354 363 457 436 406 366 464 447 466 448 466 383 407 350 464 410 398 385 419 382 370 419 414 363
add-station 3262 20 1298 1283 1260 1084 1024 1009 1265 1094 1068 1223 1180 1315 1166 1184 1079 1277 1159 999 1247 1205
add-station 4339 22 1316 1527 1361 1338 1468 1530 1232 1380 1192 1280 1452 1487 1253 1499 1396 1356 1476 1420 1308 1400 1444 1318
add-station 3638 23 1288 1420 1388 1442 1505 1241 1255 1528 1365 1224 1337 1573 1457 1290 1530 1477 1253 1319 1344 1410 1534 1539 1521
add-station 4237 28 1368 1223 1646 1219 1604 1557 1528 1331 1559 1280 1411 1221 1502 1223 1219 1457 1557 1561 1288 1295 1362 1254 1348 1518 1518 1631 1584 1352
add-car 2882 5445
add-station 1907 22 749 679 755 684 655 657 631 590 696 698 630 732 729 712 755 730 599 677 682 682 724 788
add-car 2399 739
add-station 92 0
add-car 92 403
add-car 92 437
add-car 92 333
add-car 92 329
add-car 92 388
add-car 92 438
add-car 92 417
add-car 92 343
add-car 92 407
add-car 92 400
add-car 92 429
add-car 92 365
add-car 92 381
add-car 92 357
add-car 92 355
add-car 92 376
add-car 92 341
add-car 92 404
add-car 92 374
add-car 92 427
add-car 92 407
add-car 92 397
add-car 92 397
add-car 92 419
add-car 92 336
demolish-station 4431
add-station 1155 0
add-car 1155 657
add-car 1155 486
add-car 1155 564
add-car 1155 524
add-car 1155 649
add-car 1155 576
add-car 1155 511
add-car 1155 588
add-car 1155 608
add-car 1155 625
add-car 1155 591
add-car 1155 648
add-car 1155 523
add-car 1155 569
add-car 1155 514
add-car 1155 538
add-car 1155 580
add-car 1155 531
add-car 1155 503
add-car 1155 630
add-car 1155 561
add-car 1155 601
add-car 1155 513
add-car 1155 530
add-car 1155 524
add-station 5083 21 563 677 678 634 550 551 590 688 689 708 616 559 664 588 621 578 604 667 612 562 608
add-station 4413 23 1291 1316 1121 1431 1214 1308 1177 1379 1133 1129 1433 1174 1323 1267 1120 1145 1225 1358 1429 1308 1289 1299 1425
add-station 4930 19 683 828 775 698 788 885 672 679 763 685 836 727 827 883 672 684 659 787 731
add-station 2827 20 806 683 751 833 679 730 757 761 818 681 749 650 645 715 690 666 772 711 645 768
add-station 3730 25 1258 1594 1429 1379 1334 1395 1381 1361 1225 1211 1269 1222 1550 1218 1318 1516 1575 1309 1360 1396 1247 1601 1413 1397 1384
add-station 4335 30 1511 1247 1567 1356 1367 1513 1244 1239 1526 1533 1540 1533 1547 1481 1295 1293 1511 1333 1300 1213 1477 1552 1518 1340 1541 1285 1241 1464 1520 1489
add-station 3633 29 1396 1304 1395 1248 1570 1420 1320 1519 1316 1586 1318 1199 1552 1269 1559 1372 1253 1517 1502 1306 1531 1295 1238 1439 1341 1442 1438 1412 1298
add-station 5340 19 310 341 387 366 327 397 336 328 404 333 380 374 394 310 413 347 341 388 385
add-station 3393 19 1266 1440 1280 1399 1166 1308 1135 1203 1419 1086 1357 1302 1300 1442 1338 1103 1398 1358 1287
add-station 741 26 516 537 509 479 584 511 534 479 523 445 464 556 570 518 502 553 497 570 456 467 507 503 481 577 566 472
demolish-station 251
scrap-car 1749 706
add-car 2291 703
add-station 3012 29 978 1063 1019 1051 976 934 957 1048 1024 826 1004 873 891 989 1066 946 929 839 874 943 1058 948 969 1055 1056 969 989 931 863
add-station 2647 30 814 816 668 678 828 712 677 667 638 741 818 802 777 642 644 775 712 672 673 810 837 821 830 853 758 752 705 845 836 813
add-station 4838 0
add-car 4838 838
add-car 4838 773
add-car 4838 796
add-car 4838 755
add-car 4838 830
add-car 4838 861
add-car 4838 851
add-car 4838 766
add-car 4838 943
add-car 4838 949
add-car 4838 791
add-car 4838 795
add-car 4838 767
add-car 4838 796
add-car 4838 980
add-car 4838 747
add-car 4838 750
add-car 4838 857
add-car 4838 809
add-car 4838 971
add-car 4838 851
add-car 4838 981
add-car 4838 825
add-car 4838 798
add-car 4838 968
add-car 4838 880
add-car 4838 757
add-car 4838 776
add-car 4838 912
add-station 2167 18 819 640 769 672 661 694 799 724 702 653 671 660 666 763 815 681 685 766
add-station 1408 22 578 598 631 672 596 544 575 662 516 587 643 603 683 632 509 630 574 548 680 688 684 595
add-station 4366 19 1509 1313 1426 1515 1478 1499 1477 1235 1316 1464 1299 1188 1312 1466 1237 1503 1511 1513 1211
add-car 3664 1448
add-station 1059 30 631 526 524 608 599 609 517 642 561 600 488 639 605 601 607 598 613 492 613 552 491 576 548 511 478 566 592 606 543 503
add-station 3347 0
add-car 3347 1217
add-car 3347 1131
add-car 3347 1141
add-car 3347 1210
add-car 3347 1354
add-car 3347 1149
add-car 3347 1120
add-car 3347 1102
add-car 3347 1062
add-car 3347 1243
add-car 3347 1135
add-car 3347 1393
add-car 3347 1153
add-car 3347 1229
add-car 3347 1097
add-car 3347 1392
add-car 3347 1365
add-car 3347 1133
add-car 3347 1216
add-car 3347 1233
add-car 3347 1297
add-car 3347 1159
add-car 3347 1244
add-car 3347 1153
add-car 3347 1171
add-car 3347 1374
add-car 3347 1072
add-car 3347 1231
add-car 3347 1278
add-station 2888 24 872 828 725 805 791 914 766 796 786 721 773 843 884 710 707 800 840 748 817 725 784 897 879 898
add-station 2401 23 691 698 727 633 835 683 852 813 783 802 817 681 687 639 773 646 709 713 821 682 701 657 703
add-station 4441 26 1266 1370 1211 1117 1231 1385 1440 1088 1223 1271 1239 1336 1398 1143 1071 1088 1422 1407 1328 1137 1184 1134 1381 1300 1149 1311
add-station 1397 26 556 631 575 576 610 561 564 588 552 578 596 530 594 604 672 687 622 552 591 679 652 537 552 557 599 568
plan-route 227 5514
add-station 1173 27 634 517 572 619 519 611 610 494 576 577 512 578 521 603 513 556 518 622 631 608 530 651 601 503 504 628 581
add-station 708 0
add-car 708 465
add-car 708 484
add-car 708 521
add-car 708 434
add-car 708 569
add-car 708 514
add-car 708 549
add-car 708 516
add-car 708 467
add-car 708 461
add-car 708 554
add-car 708 556
add-car 708 511
add-car 708 572
add-car 708 472
add-car 708 558
add-car 708 564
add-car 708 437
add-car 708 542
add-station 3571 27 1302 1339 1225 1374 1152 1349 1210 1534 1215 1412 1267 1313 1279 1523 1557 1392 1386 1423 1200 1358 1418 1544 1166 1513 1519 1390 1247
add-station 4497 19 1154 1366 1318 1320 1351 1084 1383 1112 1361 1296 1156 1112 1207 1189 1378 1234 1323 1263 1088
add-station 3146 26 1152 1210 1019 1061 923 982 1179 1160 903 1022 1038 1080 1097 1029 1083 1139 943 1133 1063 996 1188 998 1116 1103 1137 1024
add-station 3718 28 4289 4908 1164 5266 4592 2453 5329 4205 4225 4008 1401 217 2531 140 1911 5159 2626 1353 3351 3195 3791 3843 3805 3884 2422 2403 5692 1533
add-station 3511 20 1430 1210 1435 1323 1347 1189 1442 1276 1439 1134 1486 1424 1204 1295 1443 1256 1441 1195 1222 1149
add-station 502 21 486 462 441 424 526 406 473 494 530 469 522 492 447 475 540 410 539 418 461 518 410
add-station 5618 23 86 83 81 84 86 70 80 74 75 80 85 92 86 84 75 94 77 76 86 75 76 69 89
demolish-station 3614
demolish-station 648
add-station 685 18 428 493 502 510 530 543 451 525 483 542 501 482 491 490 527 533 567 543
add-station 4270 23 1523 1572 1595 1599 1614 1227 1582 1449 1470 1383 1216 1459 1293 1454 1433 1559 1326 1254 1402 1372 1262 1338 1545
add-station 3675 21 1227 1527 1367 1526 1366 1324 1497 1415 1470 1427 1326 1476 1590 1318 1469 1189 1265 1498 1334 1195 1341
add-car 4254 1640
scrap-car 5340 310
demolish-station 4377
add-station 7 28 320 310 415 414 315 343 308 319 331 362 386 363 389 318 353 323 341 317 405 349 310 360 403 374 388 326 360 352
add-station 3629 0
add-car 3629 1512
add-car 3629 1326
add-car 3629 1261
add-car 3629 1259
add-car 3629 1553
add-car 3629 1583
add-car 3629 1420
add-car 3629 1521
add-car 3629 1509
add-car 3629 1571
add-car 3629 1554
add-car 3629 1243
add-car 3629 1349
add-car 3629 1196
add-car 3629 1256
add-car 3629 1549
add-car 3629 1235
add-car 3629 1301
add-car 3629 1459
add-car 3629 1500
add-car 3629 1469
add-car 3629 1353
add-car 3629 1298
add-car 3629 1572
add-station 194 20 398 415 353 398 353 362 415 465 368 411 389 435 351 385 412 370 456 350 439 375
add-station 1933 25 638 703 770 772 597 648 642 677 628 602 662 621 606 771 739 791 668 732 783 748 634 592 641 637 710
plan-route 931 5570
add-car 4164 307
add-station 187 22 360 348 415 417 450 422 377 349 375 400 387 453 430 348 374 394 409 457 434 410 377 424
add-station 5604 30 104 101 82 103 97 83 95 84 85 99 98 91 97 91 90 99 110 97 98 90 104 105 103 95 93 87 88 94 109 109
demolish-station 3490
add-station 450 22 449 391 527 416 508 422 410 433 501 526 496 511 518 415 428 507 522 475 405 428 524 459
add-station 1960 21 656 691 675 630 756 681 722 782 673 665 760 759 670 747 742 676 667 717 712 774 800
add-station 3574 26 1490 1543 1416 1376 1195 1392 1233 1361 1524 1267 1226 1404 1531 1557 1350 1385 1537 1230 1487 1259 1258 1296 1218 1363 1218 1361
add-station 4033 23 1597 1524 1260 1271 1577 1338 1560 1560 1475 1534 1243 1495 1542 1550 1610 1650 1266 1565 1574 1546 1394 1246 1301
add-station 5205 28 486 470 495 503 567 518 524 535 555 479 429 510 428 428 431 551 526 502 471 472 446 475 482 434 518 455 521 422
add-station 3918 26 1561 1352 1668 1536 1249 1302 1304 1593 1393 1420 1338 1328 1289 1418 1559 1258 1314 1329 1658 1461 1668 1630 1499 1334 1282 1619
add-station 462 0
add-car 462 501
add-car 462 530
add-car 462 515
add-car 462 407
add-car 462 432
add-car 462 477
add-car 462 397
add-car 462 502
add-car 462 422
add-car 462 407
add-car 462 512
add-car 462 476
add-car 462 519
add-car 462 483
add-car 462 414
add-car 462 426
add-car 462 427
add-car 462 530
add-car 462 435
add-car 462 409
add-car 462 483
add-car 462 410
add-car 462 502
add-car 462 487
add-car 462 400
add-car 462 444
add-car 462 427
add-car 462 420
add-station 2161 20 792 627 796 753 715 634 628 676 800 807 792 725 812 664 755 703 723 816 613 723
add-station 618 19 455 455 460 496 516 484 500 456 443 546 438 507 508 562 506 442 491 543 494
add-station 325 28 464 422 424 444 459 415 400 431 493 389 382 384 470 471 448 373 463 435 395 446 397 373 404 441 456 423 473 371
add-station 2521 18 740 664 855 812 834 722 676 680 750 648 832 788 658 795 658 710 755 671
add-station 1170 18 499 613 556 583 595 551 607 651 633 493 524 564 495 529 632 650 566 543
add-station 53 22 320 396 393 384 340 332 397 397 398 362 322 341 370 395 323 409 382 340 382 374 427 379
add-station 980 30 576 608 596 535 567 497 607 609 499 610 563 574 603 489 583 567 468 582 570 579 588 625 617 529 581 476 603 569 623 490
add-station 5479 25 208 235 208 208 210 245 246 219 224 215 210 249 228 223 241 231 188 209 196 228 247 188 205 233 220
add-station 3334 20 1106 1284 1203 1134 1168 1124 1373 1260 1258 1049 1244 1082 1189 1035 1397 1254 1133 1282 1375 1287
add-station 3797 0
add-car 3797 1412
add-car 3797 1421
add-car 3797 1411
add-car 3797 1358
add-car 3797 1501
add-car 3797 1629
add-car 3797 1279
add-car 3797 1622
add-car 3797 1430
add-car 3797 1223
add-car 3797 1547
add-car 3797 1329
add-car 3797 1413
add-car 3797 1490
add-car 3797 1524
add-car 3797 1293
add-car 3797 1512
add-car 3797 1267
add-car 3797 1530
add-car 3797 1643
add-car 3797 1488
add-car 3797 1251
add-car 3797 1561
add-car 3797 1395
add-car 3797 1615
add-car 3797 1319
add-car 3797 1256
add-car 2111 703
add-station 3997 27 1583 1554 1561 1609 1471 1273 1349 1268 1484 1507 1262 1363 1257 1277 1372 1387 1506 1473 1608 1452 1673 1538 1571 1542 1246 1381 1499
add-station 4712 24 881 1098 892 1106 1054 1056 848 890 1024 1121 909 976 1062 927 1126 1095 972 1117 1034 984 934 1069 1067 1118
add-station 1426 0
add-car 1426 565
add-car 1426 520
add-car 1426 517
add-car 1426 616
add-car 1426 653
add-car 1426 576
add-car 1426 513
add-car 1426 645
add-car 1426 590
add-car 1426 516
add-car 1426 599
add-car 1426 624
add-car 1426 521
add-car 1426 575
add-car 1426 627
add-car 1426 639
add-car 1426 690
add-car 1426 534
add-car 1426 533
add-car 1426 609
add-car 1426 565
add-car 1426 652
add-car 1426 577
add-car 1426 574
add-car 1426 535
add-station 2830 28 750 742 799 851 687 721 791 773 753 807 809 745 842 824 668 659 651 799 646 808 730 842 641 660 787 795 704 661
add-station 1232 27 589 650 518 613 623 596 525 495 577 523 625 660 583 619 632 611 666 653 495 551 572 658 617 660 623 624 564
add-station 2157 18 822 736 687 637 636 723 811 798 749 737 687 804 641 790 822 741 732 615
add-station 3149 23 1188 938 1036 1143 920 937 1022 1158 916 1048 914 1022 1199 1085 994 1083 1168 1187 1157 1105 981 969 1067
add-station 1082 21 534 602 635 540 559 518 629 618 564 478 519 605 526 513 519 563 525 528 615 547 482
add-car 4755 935
add-station 4087 21 1376 1257 1268 1402 1525 1418 1623 1533 1380 1602 1626 1628 1369 1290 1276 1501 1444 1572 1516 1596 1433
add-station 4317 20 1559 1534 1213 1349 1434 1351 1347 1318 1577 1565 1528 1537 1351 1499 1231 1434 1500 1455 1513 1567
add-station 2375 0
add-car 2375 814
add-car 2375 772
add-car 2375 713
add-car 2375 662
add-car 2375 790
add-car 2375 629
add-car 2375 820
add-car 2375 736
add-car 2375 783
add-car 2375 844
add-car 2375 784
add-car 2375 665
add-car 2375 671
add-car 2375 819
add-car 2375 766
add-car 2375 666
add-car 2375 674
add-car 2375 745
add-car 2375 647
add-car 2375 682
add-car 2375 686
add-car 2375 636
add-car 2375 760
add-car 2375 696
add-car 2375 733
add-car 2375 724
add-car 2375 729
add-car 2375 778
add-station 3975 0
add-car 3975 1558
add-car 3975 1401
add-car 3975 1660
add-car 3975 1273
add-car 3975 1518
add-car 3975 1340
add-car 3975 1322
add-car 3975 1626
add-car 3975 1501
add-car 3975 1272
add-car 3975 1465
add-car 3975 1450
add-car 3975 1289
add-car 3975 1448
add-car 3975 1474
add-car 3975 1514
add-car 3975 1448
add-car 3975 1256
add-car 3975 1380
plan-route 1116 5375
