add-station 339 14 125 148 151 137 129 153 125 160 145 121 160 123 144 129
add-station 394 9 171 134 163 172 130 175 130 145 143
add-station 1021 14 491 486 490 445 415 489 510 461 509 496 497 419 487 408
add-station 703 10 529 450 545 509 530 453 494 548 496 516
add-station 977 12 491 411 459 552 413 530 488 448 484 465 497 438
add-station 932 14 474 552 444 492 591 478 472 554 568 458 488 591 472 471
add-station 714 11 498 552 477 579 472 527 533 480 515 528 502
add-station 1581 16 87 109 113 107 87 86 108 96 113 112 95 103 101 99 110 114
add-station 1665 12 32 33 33 33 29 30 30 31 27 29 26 26
add-station 340 9 151 128 133 159 122 130 145 126 137
add-station 1469 11 179 171 199 164 177 195 156 187 183 196 176
add-station 650 14 498 498 496 479 512 478 439 404 497 503 485 451 492 389
add-station 147 13 83 76 89 85 83 89 88 79 72 88 90 78 68
scrap-car 350 969
add-station 776 15 628 496 531 481 618 609 564 493 499 613 495 580 559 469 532
add-station 1327 13 241 231 247 232 267 266 231 255 264 247 220 239 244
add-station 490 0
add-car 490 258
add-car 490 278
add-car 490 242
add-car 490 293
add-car 490 291
add-car 490 251
add-car 490 229
add-car 490 270
add-car 490 227
add-car 490 225
add-car 490 233
add-car 490 283
add-car 490 263
add-car 490 231
add-car 490 267
add-car 490 269
add-car 490 267
add-station 80 14 63 60 60 62 57 63 55 60 57 53 63 58 52 57
add-station 481 14 229 209 276 218 281 232 226 240 214 228 264 229 240 240
add-station 1607 16 89 90 67 84 75 80 70 78 68 67 67 74 85 74 84 80
add-station 445 16 182 202 202 216 202 180 168 190 167 175 184 177 219 181 176 215
add-station 1464 10 185 197 199 188 164 201 156 200 160 201
add-station 1213 13 289 295 266 273 273 258 337 340 267 270 272 270 309
add-station 1416 12 216 232 177 178 229 209 196 231 178 225 223 183
add-station 1078 10 391 442 406 351 352 412 458 372 380 392
add-station 803 16 561 486 482 501 648 588 488 503 638 570 507 532 483 584 584 606
add-station 777 10 594 585 484 600 564 585 567 538 625 523
add-station 1486 0
add-car 1486 154
add-car 1486 173
add-car 1486 173
add-car 1486 158
add-car 1486 165
add-car 1486 182
add-car 1486 166
add-car 1486 151
add-car 1486 172
add-car 1486 183
add-car 1486 154
add-car 1486 143
add-car 1486 180
add-car 1486 187
add-car 1486 154
add-car 1486 145
add-station 1374 15 193 249 205 235 238 196 240 237 217 191 208 252 249 234 244
scrap-car 481 230
add-station 136 16 84 87 71 88 86 77 85 68 85 73 85 65 75 82 79 83
add-station 254 17 133 98 124 117 110 101 125 113 129 116 107 133 99 100 113 132 110
add-station 1172 16 378 317 289 316 360 298 341 373 298 299 283 300 321 287 367 286
add-station 530 0
add-car 530 271
add-car 530 276
add-car 530 319
add-car 530 323
add-car 530 277
add-car 530 288
add-car 530 321
add-car 530 315
add-car 530 266
add-station 1595 12 76 91 90 81 85 76 92 76 97 77 99 95
add-station 777 9 1319 360 1170 1654 456 377 842 913 616
add-station 835 0
add-car 835 607
add-car 835 506
add-car 835 528
add-car 835 558
add-car 835 522
add-car 835 552
add-car 835 650
add-car 835 534
add-car 835 560
add-car 835 628
add-station 289 13 125 108 132 128 135 142 111 139 115 119 127 142 132
add-station 595 9 336 339 373 437 394 432 412 403 355
add-station 1112 14 323 390 407 414 376 361 391 367 422 324 333 418 405 339
add-car 1364 1205
add-station 1090 11 405 350 358 333 391 425 445 346 442 351 434
add-station 1167 0
add-car 1167 294
add-car 1167 369
add-car 1167 310
add-car 1167 319
add-car 1167 286
add-car 1167 283
add-car 1167 365
add-car 1167 336
add-car 1167 367
add-car 1167 315
add-station 1254 9 303 287 297 295 261 272 255 300 302
add-station 167 15 80 93 74 79 82 101 82 78 91 96 79 90 100 99 93
add-station 1537 13 138 131 143 129 124 146 128 151 142 141 130 113 150
add-station 1393 9 227 188 241 192 185 189 222 186 243
add-station 50 16 38 50 45 43 47 42 47 43 50 42 41 39 45 44 50 46
add-station 1400 9 184 226 226 214 230 239 221 181 232
add-station 492 10 251 298 237 240 286 244 298 293 248 239
add-station 282 15 139 142 121 111 122 127 113 117 120 129 140 128 136 123 105
add-station 1445 17 185 178 195 205 200 213 163 189 213 172 201 214 168 200 175 190 195
add-station 522 9 315 306 286 343 324 269 265 274 334
add-station 472 16 223 209 220 250 228 246 202 267 219 234 231 244 197 261 262 257
add-station 171 9 94 81 99 86 80 101 85 82 89
add-station 980 12 536 416 407 409 476 533 454 438 548 484 435 544
add-station 1569 14 118 103 123 116 97 113 102 104 112 109 99 124 120 105
add-station 660 17 401 427 450 438 509 410 449 506 423 390 525 437 397 490 492 415 423
add-station 1632 14 50 54 55 65 49 59 66 55 49 49 66 63 65 54
add-station 616 0
add-car 616 415
add-car 616 386
add-car 616 377
add-car 616 362
add-car 616 389
add-car 616 443
add-car 616 424
add-car 616 447
add-car 616 365
add-car 616 471
add-car 616 453
add-car 616 371
add-car 616 433
plan-route 1581 171
add-station 1057 15 433 394 397 355 365 448 357 463 424 394 368 380 474 432 354
add-station 818 13 498 634 567 538 548 607 603 634 557 625 562 513 514
add-station 354 9 145 143 161 161 158 133 132 126 154
add-station 618 0
add-car 618 477
add-car 618 361
add-car 618 419
add-car 618 395
add-car 618 444
add-car 618 373
add-car 618 377
add-car 618 368
add-car 618 439
add-car 618 357
add-car 618 455
add-station 364 15 151 141 143 142 164 151 162 153 139 160 137 148 131 163 157
add-station 1348 11 254 233 243 261 238 215 221 212 236 262 210
add-station 106 12 68 59 71 72 57 59 69 74 64 69 69 66
add-station 292 15 112 114 140 119 122 115 138 107 132 130 117 134 138 137 118
add-station 870 12 526 608 492 551 531 492 505 516 526 541 607 502
add-station 318 17 128 135 146 121 153 122 121 149 139 127 150 113 136 133 148 146 152
scrap-car 616 371
add-station 1568 0
add-car 1568 104
add-car 1568 102
add-car 1568 94
add-car 1568 104
add-car 1568 97
add-car 1568 109
add-car 1568 121
add-car 1568 118
add-car 1568 118
add-car 1568 98
add-car 1568 113
add-station 1605 12 84 91 71 69 83 88 91 70 75 87 85 70
add-station 1491 17 142 151 148 153 170 137 167 180 185 182 181 178 178 163 183 151 155
add-station 1440 15 217 216 209 212 183 195 183 205 210 196 192 191 166 187 216
add-station 1528 12 121 119 122 117 142 146 154 149 156 153 139 122
add-station 1443 9 199 209 166 193 175 171 175 162 210
add-station 383 9 131 161 145 155 169 158 141 142 168
add-station 179 0
add-car 179 78
add-car 179 88
add-car 179 95
add-car 179 96
add-car 179 96
add-car 179 79
add-car 179 93
add-car 179 99
add-car 179 85
add-car 179 91
add-station 373 0
add-car 373 141
add-car 373 133
add-car 373 130
add-car 373 132
add-car 373 153
add-car 373 150
add-car 373 141
add-car 373 126
add-car 373 126
add-car 373 130
add-station 894 15 630 525 589 590 582 612 560 616 539 512 593 627 518 589 492
plan-route 147 1595
add-station 451 16 194 181 210 230 212 230 210 183 195 227 229 173 190 191 182 176
add-station 132 14 75 77 85 82 84 71 85 74 78 75 86 81 78 65
add-station 1535 11 133 135 142 150 150 150 129 134 122 141 123
add-station 131 9 84 68 85 74 80 79 67 76 72
add-station 1489 14 145 138 187 184 140 155 170 148 186 187 162 174 140 157
add-station 774 14 488 572 557 527 532 527 521 633 507 525 551 569 613 612
add-station 1330 10 212 253 207 274 234 234 232 258 258 229
add-station 363 11 123 146 132 159 135 163 150 156 165 130 159
add-station 88 9 53 59 63 67 59 50 58 67 61
add-station 883 12 598 546 591 561 598 582 545 500 578 504 636 577
add-station 702 17 465 518 555 452 549 512 568 520 484 475 523 535 568 496 452 489 469
add-station 1456 13 157 190 197 206 180 187 198 197 168 202 187 162 195
add-station 1480 10 188 156 173 160 176 143 180 152 153 152
add-station 455 9 220 201 192 185 191 185 200 202 195
plan-route 132 1480
add-station 1099 17 379 353 431 441 418 362 378 417 364 354 347 438 426 347 440 396 354
add-station 1666 0
add-car 1666 29
add-car 1666 26
add-car 1666 31
add-car 1666 31
add-car 1666 31
add-car 1666 23
add-car 1666 24
add-car 1666 27
add-car 1666 26
add-car 1666 27
add-car 1666 25
add-car 1666 31
add-station 1292 17 275 257 261 257 250 222 233 250 232 220 254 235 281 252 250 254 285
add-station 42 16 40 40 35 41 37 37 44 37 37 40 35 36 36 40 39 41
add-station 256 9 113 132 114 125 129 121 133 103 121
add-station 1381 14 231 205 251 218 240 189 199 195 200 211 231 239 210 244
add-station 1319 15 279 232 242 253 209 245 278 250 234 241 265 226 275 250 250
add-station 494 11 302 252 289 229 297 280 284 295 233 225 236
add-station 538 12 341 354 349 277 355 287 275 336 352 276 280 333
add-station 1548 13 112 139 119 133 110 138 110 137 117 109 111 142 139
add-station 1111 14 335 353 394 411 412 362 337 398 320 325 319 357 404 330
add-station 922 14 580 570 582 523 512 477 482 536 528 498 459 582 541 481
add-station 832 13 657 505 591 558 515 531 556 505 624 605 503 597 557
add-station 1260 9 286 237 234 304 275 253 296 256 259
add-station 1618 17 64 64 69 76 65 64 62 72 77 69 61 62 59 59 80 69 62
add-station 1565 11 119 114 123 126 104 126 111 108 118 128 122
add-station 556 14 293 294 310 307 300 306 330 343 342 293 347 369 392 379
add-station 1199 11 352 350 330 285 283 289 318 266 347 300 285
add-station 1147 13 357 347 392 400 296 378 399 390 300 352 391 388 369
add-station 1640 11 56 55 51 58 49 53 46 45 58 56 43
add-station 195 10 99 87 106 84 100 107 110 101 104 95
add-station 1558 11 120 131 127 129 116 109 114 99 101 110 116
add-station 1197 0
add-car 1197 273
add-car 1197 279
add-car 1197 326
add-car 1197 293
add-car 1197 348
add-car 1197 303
add-car 1197 304
add-car 1197 297
add-car 1197 354
add-car 1197 295
add-car 1197 335
add-car 1197 283
add-car 1197 284
add-car 1197 267
add-car 1197 311
add-station 732 11 596 558 469 479 526 595 573 491 551 525 558
add-station 865 0
add-car 865 600
add-car 865 621
add-car 865 566
add-car 865 518
add-car 865 578
add-car 865 499
add-car 865 550
add-car 865 593
add-car 865 531
add-car 865 524
add-car 865 598
add-car 865 550
add-car 865 583
add-station 516 13 308 280 330 262 335 314 307 259 336 332 323 276 335
add-car 1635 649
add-station 1505 16 173 140 153 144 167 175 130 143 150 170 154 132 168 139 157 134
add-station 738 10 465 511 522 554 553 538 540 559 550 600
add-station 503 13 246 248 267 278 234 298 299 255 294 275 298 240 235
add-station 310 0
add-car 310 120
add-car 310 115
add-car 310 127
add-car 310 150
add-car 310 139
add-car 310 121
add-car 310 140
add-car 310 117
add-car 310 137
add-car 310 119
add-car 310 112
add-car 310 126
add-station 362 12 134 165 148 147 134 125 165 154 162 160 130 136
add-station 122 12 65 70 74 69 82 70 71 65 67 73 66 64
add-station 525 17 326 334 327 339 293 345 342 312 286 313 304 337 324 336 304 296 313
add-station 1305 10 256 243 282 242 244 265 279 266 259 234
add-station 512 9 321 299 271 250 270 316 325 326 304
add-station 313 9 144 139 146 137 139 123 125 136 129
add-station 958 9 501 438 566 483 481 561 558 494 520
add-station 690 11 547 470 475 456 504 547 513 477 479 447 504
add-station 1692 17 4 4 3 4 3 3 3 3 4 4 4 3 4 4 4 3 3
add-station 872 15 591 611 515 612 625 562 617 627 550 633 508 560 634 539 541
add-station 1369 16 203 204 219 234 254 244 237 230 217 207 204 193 202 220 236 233
demolish-station 1482
add-station 1472 0
add-car 1472 163
add-car 1472 175
add-car 1472 188
add-car 1472 173
add-car 1472 164
add-car 1472 154
add-car 1472 175
add-car 1472 180
add-car 1472 188
add-car 1472 175
add-car 1472 164
add-car 1472 169
add-car 1472 154
add-car 1472 180
add-car 1472 148
add-car 1472 180
plan-route 1640 80
add-station 186 10 99 99 93 91 104 106 104 80 98 86
add-station 1188 10 337 311 273 319 306 314 346 308 308 339
add-station 1195 0
add-car 1195 346
add-car 1195 346
add-car 1195 351
add-car 1195 321
add-car 1195 287
add-car 1195 328
add-car 1195 313
add-car 1195 287
add-car 1195 278
add-car 1195 268
add-car 1195 359
add-car 1195 338
add-car 1195 284
add-station 1517 12 137 131 124 148 136 133 156 124 129 138 129 156
scrap-car 437 378
add-station 523 0
add-car 523 313
add-car 523 329
add-car 523 271
add-car 523 296
add-car 523 289
add-car 523 292
add-car 523 343
add-car 523 299
add-car 523 300
add-car 523 279
add-car 523 317
add-station 143 15 75 69 75 68 70 72 67 83 75 90 72 71 85 82 90
add-station 578 9 324 345 352 409 392 405 361 345 399
add-station 1426 17 169 202 180 176 190 205 173 175 225 175 194 193 186 171 213 187 173
scrap-car 445 168
add-station 1205 15 293 318 307 342 324 308 343 342 349 271 270 337 293 295 330
add-station 36 10 43 43 42 42 42 39 37 40 34 36
add-station 911 9 481 517 585 552 601 576 519 471 559
add-station 536 16 329 307 327 334 275 334 361 357 293 306 334 357 317 329 356 302
add-car 978 1173
add-station 594 10 377 441 426 428 406 437 391 390 363 426
scrap-car 362 125
add-station 379 12 131 152 137 143 137 149 153 165 167 144 143 131
add-car 1692 26
plan-route 1565 340
