add-station 1218 14 64 59 60 65 61 64 53 64 55 58 60 50 55 63
add-station 573 15 183 185 175 193 189 169 218 165 211 208 192 213 218 163 197
add-station 1361 14 76 62 77 65 77 69 57 65 73 74 66 72 62 59
add-station 829 0
add-car 829 31
add-car 829 39
add-car 829 30
add-car 829 34
add-car 829 34
add-car 829 33
add-car 829 32
add-car 829 37
add-car 829 30
add-station 1283 9 64 62 69 60 64 60 77 76 78
add-station 1502 9 33 37 32 32 37 36 31 37 30
add-station 781 16 33 38 37 33 31 37 33 34 37 34 32 36 38 37 35 31
add-station 322 9 356 365 401 344 391 390 395 365 369
add-station 590 9 164 155 188 157 172 170 181 202 201
add-station 1254 15 67 69 72 60 66 54 63 66 73 63 58 67 67 58 58
add-station 1535 15 20 19 16 20 17 17 19 20 16 15 19 16 18 20 17
add-station 881 16 36 46 38 36 34 35 46 38 41 34 37 42 45 41 43 34
add-station 538 14 249 224 221 245 196 239 199 192 257 221 240 253 229 213
add-station 1334 10 70 76 73 71 60 67 75 72 61 75
add-station 908 15 43 45 47 47 36 49 36 43 46 37 38 40 47 45 46
add-station 430 10 376 295 367 357 299 292 304 338 378 373
add-station 816 10 37 40 30 35 37 31 32 36 36 34
add-station 1154 0
add-car 1154 44
add-car 1154 48
add-car 1154 48
add-car 1154 45
add-car 1154 42
add-car 1154 47
add-car 1154 52
add-car 1154 46
add-car 1154 41
add-car 1154 42
add-car 1154 44
add-station 500 13 232 264 237 248 265 253 277 236 265 257 269 235 260
add-station 1484 0
add-car 1484 39
add-car 1484 37
add-car 1484 43
add-car 1484 43
add-car 1484 41
add-car 1484 42
add-car 1484 39
add-car 1484 34
add-car 1484 41
add-car 1484 45
add-car 1484 40
add-car 1484 37
add-car 1484 44
add-car 1484 40
add-car 1484 39
add-station 1396 12 72 63 71 69 65 55 64 62 53 66 63 63
add-station 1542 0
add-car 1542 13
add-car 1542 13
add-car 1542 12
add-car 1542 12
add-car 1542 16
add-car 1542 15
add-car 1542 12
add-car 1542 12
add-car 1542 16
add-station 492 15 232 278 252 262 285 296 293 279 237 299 247 281 288 303 296
add-station 408 15 343 337 385 411 347 354 384 341 355 313 415 359 312 402 410
add-station 169 16 288 262 242 243 277 268 255 285 296 262 269 279 262 245 297 245
add-station 397 14 395 347 386 382 402 323 413 407 408 420 422 419 390 354
plan-route 1484 397
add-station 762 15 52 38 40 43 39 39 44 52 49 41 48 40 42 50 41
add-station 1365 15 76 72 74 71 75 69 69 68 68 66 73 69 63 75 61
add-station 233 9 302 271 308 344 317 317 294 269 337
add-station 731 15 61 72 71 72 59 66 66 63 61 56 64 63 70 58 58
add-station 1489 12 32 32 36 37 39 37 43 41 41 35 43 39
add-station 1530 15 20 21 18 23 20 22 23 20 18 21 22 20 17 17 20
add-station 1407 14 66 52 57 65 68 63 55 66 69 65 60 66 51 62
plan-route 1530 169
add-station 1310 0
add-car 1310 74
add-car 1310 64
add-car 1310 79
add-car 1310 73
add-car 1310 61
add-car 1310 58
add-car 1310 61
add-car 1310 58
add-car 1310 78
add-car 1310 61
add-car 1310 72
add-car 1310 67
add-car 1310 58
add-car 1310 65
add-car 1310 70
add-car 1310 66
add-station 1457 13 46 41 53 41 50 41 46 53 44 51 43 47 51
add-station 1050 14 45 46 51 55 41 49 54 47 46 42 53 47 47 51
add-station 1110 9 51 47 42 49 47 45 45 43 52
add-station 486 10 266 268 234 285 286 291 250 289 286 316
add-station 190 12 257 299 311 241 302 292 238 272 293 288 273 316
add-station 727 10 63 62 73 74 65 77 64 72 64 77
add-station 817 0
add-car 817 32
add-car 817 32
add-car 817 33
add-car 817 29
add-car 817 35
add-car 817 36
add-car 817 32
add-car 817 40
add-car 817 31
add-car 817 40
add-car 817 29
add-car 817 35
add-station 824 15 39 30 31 37 41 32 39 33 34 36 39 36 41 33 41
add-station 1401 12 61 52 58 53 52 60 71 64 68 62 58 54
add-station 436 10 331 325 368 354 362 305 283 340 354 300
add-station 932 12 49 37 48 43 39 48 45 45 37 49 40 41
plan-route 322 1484
add-station 118 11 203 222 207 202 242 206 223 231 241 260 251
add-station 17 10 134 168 138 140 169 132 143 172 173 162
add-station 1480 11 41 34 38 40 39 37 42 46 45 41 44
add-station 64 12 201 217 199 195 193 212 205 185 173 216 195 174
add-station 1349 14 62 70 74 58 67 65 69 65 58 61 61 77 66 63
add-station 709 13 69 88 69 93 75 79 72 87 86 89 82 74 76
demolish-station 118
add-station 696 15 77 99 80 85 93 98 102 96 90 78 96 98 89 99 83
add-station 97 9 203 239 203 215 210 240 222 207 240
add-station 1045 13 50 46 42 53 43 44 42 47 52 50 47 47 52
add-station 389 15 404 374 421 411 418 352 424 322 371 325 418 346 409 338 422
add-station 1002 0
add-car 1002 49
add-car 1002 44
add-car 1002 43
add-car 1002 43
add-car 1002 43
add-car 1002 45
add-car 1002 52
add-car 1002 48
add-car 1002 51
add-car 1002 52
add-car 1002 54
add-station 623 9 170 125 141 138 136 143 166 164 157
add-station 47 10 194 185 194 199 178 199 169 164 200 179
demolish-station 1041
add-station 1087 13 46 47 55 52 50 55 55 55 46 51 45 55 41
add-station 1481 12 44 35 37 40 42 44 41 43 38 40 46 45
add-station 10 12 154 171 156 163 144 157 162 170 131 132 143 165
add-station 367 11 327 333 331 327 328 368 333 349 322 338 400
add-station 458 13 313 299 268 305 290 338 334 348 316 263 270 266 332
add-station 885 14 42 43 38 45 36 37 43 38 44 47 42 46 46 47
add-station 637 13 134 119 154 126 140 140 146 155 140 128 149 147 135
add-station 674 0
add-car 674 123
add-car 674 103
add-car 674 93
add-car 674 99
add-car 674 117
add-car 674 105
add-car 674 105
add-car 674 121
add-car 674 107
add-car 674 103
add-car 674 105
add-car 674 99
add-car 674 110
add-car 674 92
add-car 713 114
add-station 268 15 354 300 334 285 350 332 340 306 367 359 299 332 297 307 327
add-station 1112 0
add-car 1112 48
add-car 1112 53
add-car 1112 48
add-car 1112 48
add-car 1112 49
add-car 1112 55
add-car 1112 48
add-car 1112 44
add-car 1112 41
add-car 1112 49
add-car 1112 53
add-car 1112 42
add-car 1112 43
add-station 965 13 41 51 49 43 41 45 45 44 40 51 49 42 39
plan-route 322 1535
add-station 953 0
add-car 953 48
add-car 953 51
add-car 953 42
add-car 953 48
add-car 953 40
add-car 953 51
add-car 953 47
add-car 953 39
add-car 953 44
add-car 953 42
add-car 953 45
add-station 588 16 157 157 183 158 175 161 190 164 158 175 198 166 191 186 198 172
add-station 704 10 79 95 84 85 82 86 97 72 74 79
add-station 453 13 279 284 339 344 278 284 339 347 302 347 284 276 358
add-station 888 0
add-car 888 38
add-car 888 45
add-car 888 47
add-car 888 38
add-car 888 43
add-car 888 46
add-car 888 44
add-car 888 39
add-car 888 38
add-car 888 37
add-car 888 35
add-station 615 0
add-car 615 140
add-car 615 155
add-car 615 155
add-car 615 154
add-car 615 140
add-car 615 171
add-car 615 170
add-car 615 175
add-car 615 178
add-car 615 161
add-car 615 154
add-station 1420 12 61 66 55 64 53 56 62 51 59 65 52 50
add-station 930 16 50 44 48 49 50 50 46 41 46 50 48 45 43 48 40 45
add-station 1357 11 61 72 71 63 74 66 71 65 78 76 58
demolish-station 637
add-station 851 13 34 44 41 40 35 44 32 39 44 44 33 40 32
add-station 1419 16 66 58 62 64 53 58 58 62 67 64 63 52 55 50 66 58
add-station 964 0
add-car 964 50
add-car 964 39
add-car 964 50
add-car 964 39
add-car 964 46
add-car 964 51
add-car 964 43
add-car 964 43
add-car 964 48
add-car 964 51
add-car 964 39
add-car 964 44
add-car 964 40
add-car 964 43
add-car 964 50
add-car 964 39
add-station 1416 10 52 58 58 65 66 62 60 66 59 56
add-station 1268 0
add-car 1268 68
add-car 1268 71
add-car 1268 66
add-car 1268 56
add-car 1268 56
add-car 1268 61
add-car 1268 58
add-car 1268 76
add-car 1268 57
add-car 1268 61
add-car 1268 64
add-car 1268 59
add-car 1268 57
add-car 1268 61
add-car 1268 75
add-car 1268 72
add-station 968 15 46 39 51 44 48 48 51 49 42 48 42 49 47 45 40
add-station 56 12 160 189 179 207 169 179 172 169 196 193 201 174
add-station 189 15 265 258 284 253 264 279 255 243 307 256 283 304 278 253 243
add-station 872 13 34 45 43 35 46 44 39 43 46 34 46 44 40
add-station 1469 12 50 46 38 37 47 44 38 39 51 38 41 41
add-station 1039 11 53 48 53 43 53 53 54 50 46 54 51
add-station 391 12 370 409 387 421 368 369 377 422 416 357 429 411
add-station 1136 12 44 45 43 50 44 40 51 55 45 42 47 48
add-station 626 10 133 133 154 129 133 135 165 142 146 156
add-station 1540 11 15 14 17 17 14 16 15 16 13 14 13
add-station 1311 12 62 63 66 70 62 65 67 59 77 71 77 78
add-station 383 10 380 376 342 381 337 359 426 324 362 334
add-station 1081 9 42 47 51 46 43 49 45 46 47
add-station 517 9 241 252 243 228 269 220 212 238 225
add-station 507 9 273 229 279 251 289 284 220 226 216
add-station 182 13 303 260 271 233 242 287 240 234 316 280 293 309 260
add-station 228 15 266 336 307 327 272 273 328 273 305 332 263 290 342 290 312
add-station 289 13 357 347 378 318 336 312 329 351 309 357 342 326 372
add-station 369 13 395 353 419 350 423 424 426 346 335 364 419 340 378
add-station 844 14 43 33 35 35 37 40 36 32 37 37 39 41 36 35
add-station 1316 13 69 74 77 73 65 78 69 60 62 61 71 64 64
add-station 958 10 41 47 50 49 44 52 52 40 42 45
add-station 827 0
add-car 827 38
add-car 827 36
add-car 827 41
add-car 827 38
add-car 827 31
add-car 827 32
add-car 827 32
add-car 827 37
add-car 827 34
add-car 827 34
add-car 827 39
add-car 827 33
add-car 827 40
add-car 827 38
add-car 827 35
add-station 1541 15 15 13 13 16 15 15 16 12 14 15 15 12 13 16 14
add-station 787 9 29 27 28 29 34 30 33 32 32
add-station 194 16 311 255 248 263 256 307 251 276 295 252 299 275 283 297 254 270
add-station 53 13 199 165 191 182 189 170 197 171 206 179 163 190 171
add-station 61 12 188 184 171 191 209 207 175 189 186 186 203 201
add-station 199 10 325 311 252 247 272 269 272 313 255 280
add-station 481 16 247 274 281 317 290 286 277 255 271 259 245 294 303 259 316 286
add-station 686 11 96 100 109 100 91 87 98 107 94 99 102
add-station 1428 12 57 58 50 58 54 51 47 63 50 54 50 53
add-station 387 16 372 382 429 356 380 421 350 344 426 347 384 396 384 344 327 324
add-station 511 10 241 282 281 266 224 220 244 271 248 246
add-station 664 14 121 107 97 130 109 128 119 121 130 109 104 108 131 116
add-station 652 15 142 127 118 105 120 106 106 105 134 119 117 135 138 135 127
add-station 1158 16 40 50 54 48 42 43 45 45 46 41 41 45 52 42 40 49
add-station 1041 10 46 52 46 42 50 45 53 52 41 45
add-station 637 15 141 134 131 138 137 150 155 130 145 145 144 152 143 116 136
add-station 560 9 217 180 218 194 226 202 190 222 199
add-station 1501 13 29 35 37 37 33 35 34 32 32 30 34 29 27
add-station 1118 0
add-car 1118 43
add-car 1118 47
add-car 1118 54
add-car 1118 53
add-car 1118 55
add-car 1118 45
add-car 1118 49
add-car 1118 40
add-car 1118 44
add-car 1118 43
add-car 1118 46
add-car 1118 50
add-station 698 16 93 96 88 86 96 96 99 82 90 83 98 87 94 93 102 91
add-station 842 9 39 32 32 32 31 40 37 32 36
add-station 316 13 306 318 398 331 368 346 397 331 342 349 298 308 313
add-station 1425 11 60 65 49 49 57 60 52 59 52 48 49
add-station 995 15 48 48 53 54 49 53 52 41 50 43 45 43 48 53 51
add-station 247 9 337 278 337 352 268 311 346 271 312
add-station 212 13 326 313 309 311 337 328 272 259 310 314 290 279 320
add-station 1002 10 151 977 1481 559 827 1191 1408 341 1339 680
add-station 539 15 224 192 253 229 247 223 213 207 218 213 250 216 237 223 215
scrap-car 434 249
add-station 22 11 163 183 137 149 137 152 136 184 150 157 137
add-station 866 16 34 42 40 35 37 44 38 44 35 43 44 40 36 44 38 45
scrap-car 615 171
add-station 1119 16 55 51 48 40 50 40 53 52 41 52 52 44 43 53 45 45
add-station 728 13 72 71 57 76 72 76 59 67 75 72 72 68 71
add-station 309 15 318 301 384 393 336 369 309 301 378 318 343 303 366 323 396
add-station 1170 10 44 44 43 39 44 48 44 52 49 41
add-car 1530 28
plan-route 383 1481
