add-station 445 8 51 54 54 63 50 53 58 61
add-station 694 12 92 76 81 86 82 76 79 74 80 77 70 71
add-station 169 7 159 152 156 167 153 143 132
scrap-car 652 710
add-station 372 512 69 66 81 62 70 72 74 63 69 78 62 64 82 68 80 75 74 85 83 62 64 81 80 68 76 70 73 68 85 73 80 72 63 84 85 81 84 83 81 67 76 73 85 74 81 84 67 64 79 78 74 81 71 84 84 66 82 75 67 73 64 63 69 81 83 82 85 71 79 85 83 72 72 71 65 66 78 73 68 72 76 68 69 71 79 77 65 69 65 80 76 62 84 64 63 79 66 66 70 65 67 70 70 73 84 70 68 64 83 76 85 69 82 83 72 75 70 72 70 71 70 83 85 62 84 82 70 64 69 78 69 70 78 67 71 79 75 66 63 82 80 77 69 75 72 83 73 67 84 81 64 77 64 80 84 66 81 84 71 71 78 67 70 78 63 68 80 71 79 84 76 78 75 78 72 82 64 62 80 84 80 73 72 71 68 80 69 78 67 78 82 74 85 76 79 66 70 75 79 83 69 83 78 69 71 83 71 85 82 77 74 78 66 84 74 71 74 77 72 76 64 82 72 65 65 66 70 76 62 84 79 69 67 83 80 72 79 85 75 78 79 74 85 71 74 67 71 81 68 75 74 82 68 78 79 63 62 75 74 84 84 85 63 78 63 79 62 84 75 76 65 79 80 72 73 78 64 81 82 77 66 74 69 62 70 81 67 66 62 74 81 64 83 80 74 77 66 71 78 76 71 77 70 62 63 69 74 78 68 63 69 74 72 72 80 66 71 79 66 80 73 65 66 79 80 69 64 75 76 71 64 85 62 70 68 80 71 62 71 85 75 62 72 75 76 62 77 68 70 70 71 70 64 72 71 65 82 76 67 70 78 65 85 81 73 69 78 71 82 82 72 65 77 67 71 67 79 68 72 82 81 72 71 74 85 73 83 83 63 65 64 83 72 85 76 79 65 79 66 71 64 63 83 75 65 63 85 72 71 62 67 71 76 75 80 79 66 65 81 72 85 71 85 69 72 63 83 70 69 82 73 81 84 85 78 67 85 69 85 71 66 77 62 64 63 83 67 83 63 71 82 69 64 67 67 69 73 62 81 74 83 80 83 69 83 83 78 69 77 62 73 74 63 81 69 72 79 75 77 84 73 78 79 69 66 76 71 73 65 83 83 62 62 64 66 70 77 64 82 70 79 77 82 72 79 66 83 82 72 78 77 82
add-station 794 12 46 42 48 44 51 46 40 50 51 42 49 44
add-station 696 0
add-car 696 90
add-car 696 83
add-car 696 80
add-car 696 70
add-car 696 73
add-car 696 85
add-car 696 78
add-car 696 92
add-car 696 68
add-car 696 80
add-car 696 76
add-car 810 108
add-station 444 8 52 53 53 64 54 56 59 58
add-station 797 0
add-car 797 39
add-car 797 39
add-car 797 50
add-car 797 37
add-car 797 39
add-car 797 48
add-car 797 40
add-car 797 46
add-car 797 44
add-car 797 38
add-station 435 0
add-car 435 55
add-car 435 60
add-car 435 54
add-car 435 48
add-car 435 52
add-car 435 46
add-car 435 59
add-car 435 52
add-car 435 50
add-station 616 10 76 73 82 76 70 72 76 64 70 74
add-station 224 11 181 181 172 161 164 179 141 171 145 154 164
add-station 568 0
add-car 568 79
add-car 568 70
add-car 568 79
add-car 568 72
add-car 568 85
add-car 568 84
add-car 568 79
add-car 568 84
add-car 568 79
add-car 568 64
add-car 568 65
add-car 568 65
add-station 136 512 134 146 135 118 141 126 134 147 126 127 135 135 156 126 140 137 149 132 128 120 153 134 134 139 134 121 135 131 152 141 152 124 128 115 132 129 145 138 139 146 141 145 116 152 118 123 123 121 123 147 127 141 154 119 131 154 139 128 134 155 134 120 131 149 136 152 123 151 148 120 137 151 133 137 156 154 129 150 142 137 136 124 126 148 117 123 115 153 139 120 140 136 138 120 144 122 149 129 142 126 151 134 120 116 138 150 137 139 129 156 126 124 126 140 123 121 145 133 129 143 141 145 131 144 146 136 131 130 116 122 125 131 156 115 137 156 155 134 153 145 152 119 118 118 134 116 155 126 133 137 144 132 130 141 119 156 137 137 142 131 119 130 150 148 130 130 140 129 124 142 144 127 141 156 119 127 128 116 144 116 140 116 140 123 127 137 140 137 116 136 127 122 130 116 148 144 125 155 122 126 150 151 116 115 115 127 145 123 115 131 142 156 117 130 128 141 131 122 137 148 125 121 116 137 123 147 126 148 126 138 123 129 117 142 152 153 153 124 141 122 132 149 151 131 152 131 156 135 123 147 150 131 138 137 141 129 143 124 156 154 146 127 146 154 145 133 129 149 120 151 126 129 131 123 140 120 120 120 123 136 156 126 127 136 139 125 138 145 128 128 156 147 144 115 156 133 146 126 119 132 115 147 124 155 148 138 148 125 140 152 127 127 118 117 125 152 119 119 150 149 122 153 115 119 116 133 148 152 154 139 151 124 133 147 144 154 141 145 129 143 127 131 115 153 141 155 121 132 129 152 121 134 129 124 140 127 147 147 150 115 154 134 121 145 141 142 116 118 136 116 147 150 123 116 142 140 146 121 148 122 115 135 127 152 154 152 117 147 116 143 124 129 143 131 128 143 143 116 117 149 125 146 141 151 137 127 123 117 130 142 136 122 133 153 149 126 143 143 152 125 152 149 131 147 149 155 134 136 135 128 155 126 120 126 146 156 152 134 153 153 133 131 141 146 144 119 130 146 126 152 148 121 138 119 150 139 153 138 129 138 125 139 127 154 131 120 143 121 137 155 124 129 126 123 153 125 142 135 149 117 128 132 125 137 138 117 120 154 145 115 153 149 133 146 151 156 123 156 155 121 145 146 115 150 155 135 151 144 129 129 155 154
add-station 776 13 65 51 52 62 64 50 60 50 54 63 52 55 58
add-station 31 12 58 71 59 69 73 77 78 70 61 79 71 73
add-station 470 9 65 60 61 60 60 58 55 72 63
add-station 720 13 67 75 85 67 72 79 87 66 85 71 73 68 67
add-station 234 13 167 162 155 155 152 152 157 138 137 142 171 142 136
add-station 377 7 75 71 76 73 72 77 70
add-station 550 0
add-car 550 85
add-car 550 81
add-car 550 82
add-car 550 72
add-car 550 86
add-car 550 74
add-car 550 70
add-car 550 83
add-car 550 71
add-car 550 74
add-station 644 0
add-car 644 74
add-car 644 65
add-car 644 74
add-car 644 81
add-car 644 66
add-car 644 82
add-car 644 72
add-car 644 79
add-car 644 72
add-car 644 75
add-car 644 85
add-car 644 64
add-station 358 10 89 81 72 91 84 76 91 75 87 91
add-station 250 8 151 153 134 137 158 158 133 127
add-station 718 0
add-car 718 84
add-car 718 80
add-car 718 80
add-car 718 68
add-car 718 85
add-car 718 73
add-car 718 69
add-car 718 83
add-car 718 70
add-car 718 77
add-car 718 78
add-car 718 81
add-station 279 512 113 141 112 139 106 109 115 107 116 116 123 108 107 110 138 137 120 129 115 126 115 126 120 114 114 109 115 122 107 138 124 129 116 125 128 120 143 133 131 139 123 139 121 116 137 109 131 126 130 139 117 125 126 142 107 112 129 115 127 142 110 118 119 123 129 124 129 115 117 127 106 114 128 125 137 118 107 115 123 120 138 112 136 107 108 144 114 131 126 114 138 115 107 110 118 139 123 126 125 107 118 121 127 110 118 137 112 140 122 131 125 121 140 141 115 116 115 138 143 131 142 116 134 119 109 120 137 111 134 125 116 140 107 116 130 133 136 138 125 114 108 108 135 129 111 132 126 132 121 108 115 123 112 129 142 108 130 139 115 133 134 144 122 128 129 108 110 111 109 142 133 120 137 138 127 119 118 117 125 140 129 127 117 134 142 133 141 107 107 144 117 110 123 133 125 133 135 129 138 109 108 109 124 118 107 130 120 139 138 143 113 143 110 123 144 120 112 120 110 124 119 130 120 134 113 123 134 120 107 133 143 139 129 125 132 127 112 142 129 119 129 121 132 125 117 135 116 114 126 114 116 142 118 136 119 122 130 139 143 140 119 141 120 126 142 137 135 143 119 126 125 129 123 109 144 131 127 136 119 127 122 129 139 122 135 114 110 112 136 115 132 106 133 111 124 126 126 144 135 141 129 121 128 107 138 118 119 128 117 109 118 106 108 113 141 117 141 110 133 115 117 141 113 134 108 120 125 140 135 120 112 138 138 143 142 113 125 125 143 136 106 135 129 119 123 142 123 141 144 111 129 106 107 123 126 134 137 111 116 130 108 117 107 111 116 139 133 129 129 130 108 111 125 131 137 129 132 139 115 137 112 122 107 137 122 125 135 141 125 142 113 134 129 141 107 134 109 127 133 120 117 129 114 138 115 122 113 113 114 123 109 130 106 136 140 109 110 135 125 127 132 111 124 124 144 114 136 118 134 131 132 118 120 142 108 122 136 132 115 136 144 137 134 111 129 107 114 135 115 106 134 112 136 121 110 134 142 122 128 137 114 118 125 137 108 129 131 107 139 123 131 133 135 111 143 127 119 115 142 144 125 144 122 138 122 125 128 131 114 135 130 111 126 119 140 109 141 115 122 137 126 127 128 136 109 142 114 114 143 127 122 111
add-station 221 12 161 169 160 165 183 157 166 183 150 187 150 167
add-station 728 9 66 80 64 78 83 73 68 79 78
add-station 139 12 129 143 138 133 121 122 156 126 144 144 158 131
scrap-car 250 158
add-station 330 7 85 96 86 92 82 97 92
add-station 579 512 76 71 70 72 65 87 87 76 67 81 68 71 79 82 69 69 86 78 83 84 87 85 71 65 85 73 84 83 69 74 65 73 87 77 81 67 71 66 68 72 71 71 68 80 73 86 67 77 75 79 81 84 76 84 87 84 72 88 85 69 65 87 78 86 72 73 80 80 85 84 85 77 84 80 86 73 79 78 73 82 73 88 77 86 66 67 81 67 86 68 83 65 76 83 65 65 74 82 79 67 84 75 85 73 86 67 81 87 79 69 81 80 72 69 68 70 76 69 75 86 74 65 81 82 74 68 79 73 86 73 76 68 77 80 71 70 84 75 77 81 65 68 87 87 72 81 77 80 76 87 85 85 85 71 81 85 82 71 81 79 68 78 68 74 87 67 78 85 67 65 86 69 84 78 87 77 66 68 69 84 68 83 80 75 65 81 85 79 82 77 72 79 69 84 68 80 67 81 86 76 68 71 71 76 80 87 84 74 81 68 68 79 73 67 88 73 65 83 86 69 85 65 82 76 73 67 72 71 86 67 78 79 85 67 88 76 79 83 65 76 88 84 68 76 79 74 77 76 74 66 82 74 86 80 65 81 80 78 84 76 75 79 67 69 65 70 77 87 80 79 79 73 65 72 74 77 75 82 70 76 69 79 86 84 74 66 83 83 81 69 78 88 79 87 67 72 86 84 69 75 66 70 68 78 87 76 67 88 80 70 83 88 71 88 68 69 74 86 81 76 70 78 88 77 75 70 86 83 66 85 69 86 87 87 80 69 66 69 81 82 83 79 68 86 72 73 65 74 73 80 73 83 79 69 80 82 73 80 65 74 73 81 71 78 70 81 79 67 70 74 70 70 65 72 77 78 80 76 85 80 66 69 78 72 75 65 74 85 74 65 78 73 84 77 80 71 80 65 74 71 75 83 66 88 72 86 77 85 87 84 82 75 72 78 79 86 83 66 76 85 65 69 71 78 78 83 86 69 69 77 70 68 70 66 80 85 76 69 71 87 75 65 66 86 84 88 88 71 83 66 83 85 71 79 73 79 78 79 76 74 83 88 82 69 84 76 67 84 70 75 69 81 86 86 72 79 71 88 78 70 65 68 69 68 75 73 66 70 76 84 76 88 68 69 78 74 78 85 82 74 82 74 65 86 86 80 67 78 65 83 84 85
add-station 180 9 144 159 144 179 136 141 134 158 151
demolish-station 426
add-station 286 7 136 108 108 128 122 107 104
demolish-station 330
add-station 357 13 85 82 69 74 85 92 87 85 92 91 82 91 75
add-station 441 7 55 48 50 63 58 55 61
add-station 844 11 4 5 5 5 4 5 5 4 4 5 4
add-station 345 9 77 93 77 100 98 100 91 96 89
demolish-station 791
add-station 291 0
add-car 291 103
add-car 291 118
add-car 291 102
add-car 291 123
add-car 291 100
add-car 291 125
add-car 291 126
add-car 291 133
add-car 291 106
add-station 490 8 68 66 58 66 75 58 65 74
add-station 168 7 137 137 143 170 137 137 160
add-station 269 7 140 124 142 115 130 144 122
add-station 116 11 126 121 126 122 135 121 131 113 141 110 118
add-station 829 12 15 20 21 15 20 21 18 16 20 16 18 21
add-station 253 9 125 139 141 123 143 155 139 162 145
add-station 834 512 13 14 14 12 15 16 12 12 14 13 13 12 15 13 16 16 12 12 15 14 15 14 12 13 14 15 16 14 12 16 13 16 15 14 12 12 13 13 14 15 15 16 13 14 12 15 14 16 16 13 15 12 12 15 13 12 12 15 15 14 15 13 12 13 14 14 12 16 12 15 14 15 13 13 15 15 12 14 15 14 15 12 12 13 15 13 13 15 13 13 16 13 16 16 15 16 12 14 13 15 12 12 12 13 13 16 16 16 14 13 12 15 12 16 12 13 16 13 16 16 16 15 12 13 12 15 16 13 15 14 12 15 15 12 15 15 12 12 14 12 13 12 14 14 13 12 12 14 12 12 12 14 16 12 16 14 15 12 16 15 15 14 16 13 14 13 12 13 16 13 14 13 16 13 13 14 12 15 14 12 15 13 14 12 12 12 14 13 13 16 13 12 16 12 13 15 13 13 16 16 15 14 16 14 12 13 16 13 12 16 13 15 15 15 13 14 14 12 15 12 12 13 16 16 13 14 13 14 14 16 16 16 13 12 14 16 15 12 13 14 13 16 15 13 13 15 13 15 14 14 16 12 12 14 12 16 12 14 12 12 15 15 15 16 12 15 16 14 15 15 16 16 13 16 16 14 16 15 16 12 13 12 14 13 16 13 16 16 12 14 14 16 16 12 15 14 14 14 14 13 16 12 14 16 16 12 12 16 14 15 16 15 12 16 14 14 16 16 15 12 16 14 15 14 14 16 12 13 15 13 12 14 12 13 13 16 12 14 15 12 14 15 15 12 16 15 13 16 12 16 14 12 13 15 16 15 16 16 12 15 16 16 12 15 12 15 12 12 12 13 12 13 13 14 14 14 14 13 15 16 16 14 13 15 12 12 15 15 15 14 15 15 16 13 14 16 12 16 14 13 15 16 14 15 14 12 13 12 12 14 12 13 13 13 16 16 12 14 12 14 12 15 13 13 15 12 15 15 15 15 14 14 12 14 12 13 16 14 14 14 16 14 16 14 13 16 12 13 16 12 15 13 16 16 16 16 15 16 16 12 13 13 14 14 12 15 14 16 14 13 12 16 14 16 15 12 16 16 15 14 15 14 12 13 16 15 12 15 12 15 16 14 14 16 16 16 14 14 16 14 15 14 13 14 14 13 14 14 12 14 16 14
add-station 643 0
add-car 643 86
add-car 643 78
add-car 643 74
add-car 643 67
add-car 643 69
add-car 643 79
add-car 643 67
add-car 643 79
add-car 643 68
add-car 643 78
add-car 643 70
add-station 684 0
add-car 684 86
add-car 684 72
add-car 684 93
add-car 684 84
add-car 684 83
add-car 684 85
add-car 684 88
add-car 684 89
add-car 684 87
add-car 684 90
add-car 684 69
add-car 684 76
demolish-station 670
add-station 33 11 74 64 66 70 66 61 75 79 63 81 76
add-station 197 12 145 143 147 159 172 148 149 158 172 161 172 161
add-station 577 13 73 75 87 87 77 74 78 70 85 78 84 87 88
add-station 74 0
add-car 74 94
add-car 74 107
add-car 74 102
add-car 74 91
add-car 74 85
add-car 74 90
add-car 74 93
add-car 74 84
add-car 74 99
add-car 74 104
add-car 74 101
add-car 74 98
add-station 321 12 85 97 114 94 86 108 113 90 103 93 85 113
add-station 762 8 68 55 60 62 69 54 57 66
add-station 254 8 139 126 138 147 162 133 120 154
add-station 209 11 158 193 151 156 173 144 146 156 173 166 191
add-station 188 9 148 169 151 160 163 171 140 150 174
add-station 150 0
add-car 150 154
add-car 150 134
add-car 150 152
add-car 150 127
add-car 150 140
add-car 150 133
add-car 150 151
add-car 150 146
add-car 150 137
add-car 150 140
add-car 150 163
add-car 150 163
add-car 150 123
add-station 267 0
add-car 267 145
add-car 267 138
add-car 267 146
add-car 267 125
add-car 267 150
add-car 267 121
add-car 267 131
add-car 267 118
add-car 267 141
add-car 267 146
add-station 815 7 28 34 28 28 33 34 31
add-station 713 11 86 79 77 71 76 76 82 84 74 77 84
add-station 492 0
add-car 492 59
add-car 492 58
add-car 492 74
add-car 492 62
add-car 492 68
add-car 492 63
add-car 492 58
add-car 492 77
add-car 492 74
add-car 492 62
add-car 492 59
add-station 225 0
add-car 225 178
add-car 225 182
add-car 225 162
add-car 225 179
add-car 225 166
add-car 225 143
add-car 225 141
add-station 49 10 69 87 81 77 73 69 79 88 83 85
add-station 118 13 138 120 128 113 118 109 113 143 119 127 133 122 137
add-car 713 90
add-station 555 13 84 65 86 84 84 65 84 64 66 66 73 71 77
add-station 642 512 85 75 72 73 85 68 63 79 83 82 63 85 84 67 65 84 63 66 79 80 83 79 86 67 79 82 76 70 74 72 70 85 63 71 81 70 68 74 69 73 64 68 84 65 73 82 75 78 75 64 66 77 77 64 75 84 78 78 70 72 81 83 73 81 68 64 80 64 77 80 63 78 79 77 76 78 67 66 63 77 69 74 83 74 70 72 80 79 83 72 70 63 83 85 76 63 78 82 78 77 80 73 73 65 63 69 67 66 76 76 80 80 67 79 72 73 72 77 72 77 77 72 78 84 79 71 83 75 67 85 79 69 74 70 84 63 68 84 85 83 75 80 70 84 82 69 84 81 83 80 81 70 78 75 86 65 68 64 64 85 79 64 70 68 84 65 78 79 71 76 78 71 84 76 86 69 82 86 77 80 80 63 74 66 83 73 73 73 69 80 77 76 76 63 79 78 83 65 77 72 81 70 64 76 67 76 66 80 82 68 63 63 68 69 73 83 63 86 66 69 81 79 77 66 73 86 72 75 81 80 74 78 83 70 77 68 76 76 76 72 77 70 75 81 79 71 63 72 85 86 66 64 74 81 80 74 70 69 64 70 69 65 75 65 67 69 83 79 77 70 84 73 64 85 70 69 83 82 84 67 74 70 85 71 70 70 67 70 68 85 73 65 74 76 85 75 68 66 84 72 83 86 63 79 69 78 74 80 80 72 64 68 77 64 68 75 75 84 77 79 75 65 77 72 77 84 86 80 72 85 74 80 75 81 78 68 68 67 69 82 69 79 76 82 81 78 65 69 79 74 78 86 83 72 80 80 65 64 65 81 72 70 68 76 70 68 63 85 75 85 69 70 63 65 80 71 69 78 82 86 66 66 71 83 69 85 68 82 67 78 65 65 72 78 68 83 65 83 86 70 77 65 76 78 79 83 83 78 73 75 74 68 72 75 81 78 64 79 66 69 63 81 70 78 80 72 72 79 68 63 71 73 67 70 81 73 83 78 81 72 80 77 75 64 78 72 75 80 75 77 79 63 64 67 64 84 68 80 75 64 86 82 79 68 81 75 70 63 81 83 63 75 83 66 81 85 70 85 74 63 82 66 85 65 75 86 78 70 72 76 66 76 82 68 86 74 71 64 81 73 77 72 65 74 63 64 78 67 65 73 85 80
add-station 707 512 81 70 68 81 90 90 81 81 84 71 72 82 84 70 70 85 69 78 84 83 79 90 83 67 73 82 72 81 84 83 84 80 73 82 83 82 79 85 71 67 79 89 85 75 71 73 75 76 72 91 75 87 68 88 68 84 86 73 86 68 72 68 89 73 68 70 67 91 79 81 87 78 80 76 91 90 73 77 88 80 86 90 81 78 86 80 73 82 86 68 68 76 86 91 89 76 77 72 80 71 78 91 76 72 77 89 76 81 80 91 76 85 89 85 89 91 79 89 73 91 68 77 81 70 71 73 91 90 91 68 71 74 71 67 70 88 80 82 80 67 80 81 84 81 79 71 79 84 89 90 75 70 73 70 75 75 78 80 76 67 69 74 72 72 71 73 67 74 85 91 76 74 68 81 68 70 73 83 90 67 82 71 79 69 73 74 67 90 81 67 70 88 71 68 81 67 79 72 77 68 70 82 90 76 85 86 70 83 90 69 70 88 72 76 91 75 83 81 88 72 80 68 89 69 90 79 82 70 91 81 77 82 86 89 79 89 86 81 85 76 83 76 90 73 83 88 70 80 82 91 74 86 68 79 85 67 72 69 86 85 73 87 88 69 85 80 81 75 76 71 74 84 77 76 88 83 78 68 69 77 67 74 79 79 86 77 82 91 90 69 69 73 72 73 81 85 71 83 76 85 81 71 68 82 69 79 74 68 71 75 82 71 82 84 85 91 81 68 84 73 90 83 78 69 90 87 80 87 84 68 84 81 89 68 78 76 87 83 75 76 91 82 74 72 82 81 89 76 72 68 68 78 78 76 85 76 73 69 77 87 72 84 75 68 83 69 67 77 91 85 88 74 82 91 80 87 67 81 81 72 69 69 87 70 70 73 72 90 91 77 91 88 78 69 72 82 71 87 90 89 79 82 91 69 72 73 89 70 80 89 77 70 89 88 74 70 80 67 69 74 84 73 76 74 67 72 78 85 84 80 87 75 70 85 72 87 89 89 73 67 83 89 67 78 68 79 74 69 90 80 79 88 71 76 90 90 84 68 73 89 79 88 69 69 79 74 74 91 86 71 78 71 73 77 71 84 74 87 74 75 67 77 73 78 79 87 83 90 68 89 86 91 71 73 85 71 72 87 71 69 80 78 88 78 89 86 74 91 91 80 81 76
add-station 143 0
add-car 143 139
add-car 143 149
add-car 143 122
add-car 143 155
add-car 143 140
add-car 143 125
add-car 143 149
add-car 143 124
add-car 143 153
add-car 143 136
add-car 143 123
add-car 143 144
add-car 143 160
add-car 143 131
add-car 143 128
add-car 143 139
add-car 143 129
add-car 143 123
add-car 143 133
add-car 143 129
add-car 143 148
add-car 143 119
add-car 143 128
add-car 143 118
add-car 143 120
add-car 143 131
add-car 143 135
add-car 143 124
add-car 143 132
add-car 143 157
add-car 143 142
add-car 143 150
add-car 143 137
add-car 143 141
add-car 143 137
add-car 143 127
add-car 143 156
add-car 143 119
add-car 143 132
add-car 143 140
add-car 143 140
add-car 143 138
add-car 143 124
add-car 143 120
add-car 143 130
add-car 143 138
add-car 143 132
add-car 143 131
add-car 143 118
add-car 143 150
add-car 143 129
add-car 143 129
add-car 143 142
add-car 143 120
add-car 143 137
add-car 143 128
add-car 143 142
add-car 143 142
add-car 143 135
add-car 143 136
add-car 143 148
add-car 143 127
add-car 143 124
add-car 143 147
add-car 143 159
add-car 143 132
add-car 143 146
add-car 143 138
add-car 143 145
add-car 143 130
add-car 143 157
add-car 143 140
add-car 143 122
add-car 143 125
add-car 143 152
add-car 143 143
add-car 143 149
add-car 143 155
add-car 143 125
add-car 143 133
add-car 143 157
add-car 143 127
add-car 143 121
add-car 143 129
add-car 143 136
add-car 143 158
add-car 143 121
add-car 143 140
add-car 143 129
add-car 143 120
add-car 143 128
add-car 143 139
add-car 143 159
add-car 143 142
add-car 143 150
add-car 143 137
add-car 143 154
add-car 143 153
add-car 143 121
add-car 143 159
add-car 143 136
add-car 143 124
add-car 143 128
add-car 143 141
add-car 143 137
add-car 143 130
add-car 143 151
add-car 143 144
add-car 143 144
add-car 143 127
add-car 143 126
add-car 143 123
add-car 143 118
add-car 143 118
add-car 143 159
add-car 143 149
add-car 143 129
add-car 143 118
add-car 143 147
add-car 143 131
add-car 143 146
add-car 143 153
add-car 143 146
add-car 143 120
add-car 143 118
add-car 143 127
add-car 143 129
add-car 143 135
add-car 143 127
add-car 143 160
add-car 143 122
add-car 143 126
add-car 143 132
add-car 143 118
add-car 143 157
add-car 143 123
add-car 143 142
add-car 143 136
add-car 143 133
add-car 143 135
add-car 143 123
add-car 143 119
add-car 143 122
add-car 143 131
add-car 143 137
add-car 143 153
add-car 143 120
add-car 143 131
add-car 143 148
add-car 143 160
add-car 143 147
add-car 143 134
add-car 143 123
add-car 143 138
add-car 143 123
add-car 143 120
add-car 143 158
add-car 143 159
add-car 143 148
add-car 143 159
add-car 143 146
add-car 143 150
add-car 143 160
add-car 143 140
add-car 143 158
add-car 143 129
add-car 143 138
add-car 143 123
add-car 143 157
add-car 143 119
add-car 143 119
add-car 143 128
add-car 143 139
add-car 143 145
add-car 143 140
add-car 143 141
add-car 143 119
add-car 143 133
add-car 143 140
add-car 143 118
add-car 143 155
add-car 143 148
add-car 143 122
add-car 143 134
add-car 143 145
add-car 143 157
add-car 143 134
add-car 143 147
add-car 143 119
add-car 143 121
add-car 143 138
add-car 143 149
add-car 143 150
add-car 143 138
add-car 143 118
add-car 143 159
add-car 143 124
add-car 143 127
add-car 143 142
add-car 143 127
add-car 143 143
add-car 143 121
add-car 143 130
add-car 143 130
add-car 143 128
add-car 143 156
add-car 143 144
add-car 143 134
add-car 143 138
add-car 143 153
add-car 143 146
add-car 143 157
add-car 143 121
add-car 143 150
add-car 143 159
add-car 143 153
add-car 143 154
add-car 143 145
add-car 143 144
add-car 143 141
add-car 143 153
add-car 143 133
add-car 143 155
add-car 143 137
add-car 143 156
add-car 143 148
add-car 143 156
add-car 143 128
add-car 143 128
add-car 143 153
add-car 143 132
add-car 143 141
add-car 143 149
add-car 143 157
add-car 143 157
add-car 143 120
add-car 143 133
add-car 143 153
add-car 143 130
add-car 143 152
add-car 143 125
add-car 143 134
add-car 143 146
add-car 143 125
add-car 143 132
add-car 143 151
add-car 143 151
add-car 143 157
add-car 143 134
add-car 143 118
add-car 143 156
add-car 143 118
add-car 143 148
add-car 143 144
add-car 143 151
add-car 143 131
add-car 143 124
add-car 143 153
add-car 143 140
add-car 143 147
add-car 143 137
add-car 143 120
add-car 143 128
add-car 143 160
add-car 143 149
add-car 143 132
add-car 143 127
add-car 143 123
add-car 143 153
add-car 143 124
add-car 143 153
add-car 143 134
add-car 143 159
add-car 143 146
add-car 143 158
add-car 143 148
add-car 143 143
add-car 143 141
add-car 143 139
add-car 143 140
add-car 143 119
add-car 143 136
add-car 143 151
add-car 143 144
add-car 143 138
add-car 143 125
add-car 143 132
add-car 143 159
add-car 143 150
add-car 143 118
add-car 143 126
add-car 143 157
add-car 143 130
add-car 143 133
add-car 143 119
add-car 143 135
add-car 143 139
add-car 143 118
add-car 143 151
add-car 143 154
add-car 143 138
add-car 143 139
add-car 143 152
add-car 143 142
add-car 143 148
add-car 143 148
add-car 143 148
add-car 143 160
add-car 143 119
add-car 143 152
add-car 143 135
add-car 143 126
add-car 143 140
add-car 143 133
add-car 143 127
add-car 143 147
add-car 143 140
add-car 143 130
add-car 143 120
add-car 143 135
add-car 143 152
add-car 143 127
add-car 143 134
add-car 143 128
add-car 143 158
add-car 143 154
add-car 143 120
add-car 143 135
add-car 143 128
add-car 143 127
add-car 143 159
add-car 143 149
add-car 143 158
add-car 143 159
add-car 143 130
add-car 143 156
add-car 143 136
add-car 143 135
add-car 143 119
add-car 143 148
add-car 143 149
add-car 143 159
add-car 143 145
add-car 143 152
add-car 143 121
add-car 143 144
add-car 143 118
add-car 143 122
add-car 143 160
add-car 143 156
add-car 143 159
add-car 143 159
add-car 143 139
add-car 143 125
add-car 143 139
add-car 143 150
add-car 143 159
add-car 143 134
add-car 143 121
add-car 143 148
add-car 143 148
add-car 143 118
add-car 143 128
add-car 143 120
add-car 143 128
add-car 143 132
add-car 143 141
add-car 143 130
add-car 143 154
add-car 143 127
add-car 143 159
add-car 143 133
add-car 143 123
add-car 143 144
add-car 143 140
add-car 143 159
add-car 143 127
add-car 143 135
add-car 143 142
add-car 143 142
add-car 143 156
add-car 143 121
add-car 143 150
add-car 143 143
add-car 143 125
add-car 143 150
add-car 143 130
add-car 143 134
add-car 143 146
add-car 143 157
add-car 143 154
add-car 143 129
add-car 143 122
add-car 143 135
add-car 143 128
add-car 143 143
add-car 143 129
add-car 143 138
add-car 143 134
add-car 143 126
add-car 143 145
add-car 143 142
add-car 143 159
add-car 143 121
add-car 143 121
add-car 143 143
add-car 143 147
add-car 143 142
add-car 143 118
add-car 143 121
add-car 143 134
add-car 143 141
add-car 143 129
add-car 143 153
add-car 143 138
add-car 143 122
add-car 143 155
add-car 143 157
add-car 143 128
add-car 143 148
add-car 143 130
add-car 143 141
add-car 143 119
add-car 143 143
add-car 143 155
add-car 143 126
add-car 143 124
add-car 143 150
add-car 143 127
add-car 143 122
add-car 143 142
add-car 143 138
add-car 143 120
add-car 143 151
add-car 143 157
add-car 143 119
add-car 143 118
add-car 143 122
add-car 143 125
add-car 143 158
add-car 143 149
add-car 143 125
add-car 143 147
add-car 143 157
add-car 143 143
add-car 143 140
add-car 143 152
add-car 143 127
add-car 143 146
add-car 143 147
add-car 143 140
add-car 143 155
add-car 143 157
add-car 143 123
add-car 143 130
add-car 143 155
add-car 143 132
add-car 143 134
add-car 143 158
add-car 143 134
add-car 143 118
add-car 143 140
add-car 143 125
add-car 143 151
add-car 143 131
add-car 143 158
add-car 143 134
add-car 143 123
add-car 143 121
add-car 143 119
add-car 143 151
add-car 143 153
add-car 143 123
add-car 143 146
add-car 143 119
add-car 143 142
add-car 143 144
add-car 143 141
add-car 143 133
add-car 143 140
add-car 143 143
add-car 143 134
add-car 143 118
add-car 143 122
add-car 143 121
add-car 143 150
add-car 143 124
add-car 143 146
add-car 143 153
add-car 143 137
add-car 143 144
add-car 143 149
add-car 143 154
add-car 143 126
add-car 143 125
add-car 143 122
add-car 143 147
add-car 143 140
add-car 143 140
add-car 143 146
add-car 143 125
add-car 143 139
add-car 143 127
add-car 143 152
add-car 143 151
add-car 143 130
add-car 143 159
add-car 143 118
add-car 143 144
add-car 143 121
add-car 143 126
add-car 143 139
add-station 106 0
add-car 106 119
add-car 106 113
add-car 106 135
add-car 106 101
add-car 106 134
add-car 106 118
add-car 106 120
add-car 106 122
add-car 106 126
add-car 106 134
add-car 106 122
add-car 106 112
add-car 106 104
add-station 322 12 90 113 113 92 111 105 92 92 113 93 104 106
add-station 403 8 51 50 60 55 59 55 68 65
add-station 311 8 121 122 92 104 100 109 95 120
add-station 710 7 79 77 71 80 91 69 81
add-station 95 0
add-car 95 118
add-car 95 110
add-car 95 110
add-car 95 127
add-car 95 116
add-car 95 106
add-car 95 113
add-station 488 0
add-car 488 70
add-car 488 75
add-car 488 63
add-car 488 75
add-car 488 74
add-car 488 76
add-car 488 75
add-car 488 58
add-car 488 75
add-car 844 10
plan-route 762 116
