add-station 2321 14 143 139 164 130 139 128 159 172 142 145 130 132 173 163
add-station 233 0
add-car 233 92
add-car 233 89
add-car 233 86
add-car 233 96
add-car 233 83
add-car 233 82
add-car 233 79
add-car 233 94
add-car 233 87
add-car 233 88
add-car 233 88
add-car 233 96
add-car 233 95
add-car 233 80
add-car 233 90
add-station 490 14 95 96 95 101 87 93 101 94 103 90 103 103 104 96
add-car 2321 135
add-station 161 14 88 89 75 84 96 95 73 74 84 95 87 85 80 85
add-station 573 18 87 86 108 91 95 105 105 90 85 87 92 86 90 85 107 94 92 80
add-station 2196 0
add-car 2196 243
add-car 2196 197
add-car 2196 216
add-car 2196 256
add-car 2196 200
add-car 2196 235
add-car 2196 210
add-car 2196 214
add-car 2196 257
add-car 2196 232
add-car 2196 242
add-car 2196 213
add-station 1026 20 451 452 395 389 433 364 418 405 383 443 384 447 446 373 398 462 394 478 397 454
add-station 600 11 106 95 99 83 90 102 99 109 103 83 105
add-station 1281 0
add-car 1281 579
add-car 1281 557
add-car 1281 577
add-car 1281 471
add-car 1281 521
add-car 1281 553
add-car 1281 534
add-car 1281 521
add-car 1281 513
add-car 1281 544
add-car 1281 536
add-car 1281 574
add-car 1281 586
add-car 1281 500
add-car 1281 448
add-car 1281 509
add-car 1281 468
add-car 1281 587
add-car 1281 533
add-car 1281 545
add-station 90 17 82 73 87 84 87 89 74 82 93 84 81 79 85 89 76 72 71
demolish-station 583
add-station 2022 11 329 321 269 333 347 343 260 287 348 292 287
add-station 1844 11 301 354 360 358 296 316 358 326 360 307 314
add-station 870 16 329 278 323 359 340 285 283 358 317 304 324 350 293 273 341 344
add-station 169 20 92 71 75 91 79 97 88 81 84 74 97 75 85 82 80 81 79 76 88 95
add-station 2347 11 150 139 128 144 123 151 136 146 126 112 120
add-station 379 12 89 89 86 88 89 91 80 81 94 97 100 101
add-station 1899 17 350 328 329 292 372 363 323 283 373 353 286 329 284 370 342 380 361
add-station 1348 20 438 570 547 493 556 563 552 439 462 438 530 471 567 576 471 528 545 520 491 574
add-station 1395 0
add-car 1395 435
add-car 1395 530
add-car 1395 441
add-car 1395 476
add-car 1395 481
add-car 1395 552
add-car 1395 524
add-car 1395 478
add-car 1395 488
add-car 1395 452
add-car 1395 505
add-car 1395 492
add-car 1395 485
add-car 1395 436
add-car 1395 515
add-car 1395 450
add-car 1395 509
add-car 1395 535
add-car 763 527
add-car 2371 950
scrap-car 1796 1931
add-station 1613 0
add-car 1613 471
add-car 1613 400
add-car 1613 476
add-car 1613 443
add-car 1613 445
add-car 1613 404
add-car 1613 471
add-car 1613 476
add-car 1613 472
add-car 1613 470
add-car 1613 421
add-car 1613 406
add-station 1912 19 298 380 293 313 287 321 297 370 371 350 370 346 367 379 291 313 359 338 283
add-station 1743 14 384 412 419 368 412 351 424 404 382 346 420 394 404 423
add-station 1783 11 404 391 373 387 324 380 403 354 416 329 335
add-station 129 11 91 90 75 94 85 93 73 89 92 78 72
scrap-car 1844 319
add-station 705 12 157 158 169 156 159 152 171 182 187 151 187 190
add-station 621 18 88 107 102 96 94 83 101 100 80 91 88 86 105 84 107 109 80 82
add-station 1687 15 452 363 367 410 368 447 432 446 431 419 410 464 372 373 411
add-station 663 17 129 121 131 129 144 148 120 121 125 125 150 140 121 146 123 128 139
add-station 2106 13 239 275 265 237 256 243 306 301 249 235 288 237 253
add-station 2328 13 125 125 131 125 150 165 156 161 124 153 155 143 149
scrap-car 161 88
add-station 70 16 78 84 91 88 77 86 73 71 74 75 77 84 76 78 76 74
add-station 195 0
add-car 195 91
add-car 195 86
add-car 195 89
add-car 195 76
add-car 195 76
add-car 195 95
add-car 195 76
add-car 195 92
add-car 195 98
add-car 195 83
add-car 195 86
add-car 195 80
add-car 195 76
add-car 195 95
add-car 195 86
add-station 2098 11 283 283 251 277 268 248 256 317 271 269 285
add-station 1220 14 485 530 509 435 489 442 547 540 579 562 460 560 536 481
add-station 1824 20 325 379 358 331 356 376 313 345 316 335 323 377 410 393 355 397 351 330 303 356
add-station 13 14 76 73 81 72 78 78 70 86 69 76 73 70 76 78
plan-route 169 2321
add-station 2048 18 309 252 294 297 261 289 287 272 326 270 293 290 337 280 284 311 282 274
add-station 123 12 78 91 85 75 95 72 72 88 95 84 75 94
scrap-car 2098 253
add-station 1901 0
add-car 1901 282
add-car 1901 348
add-car 1901 377
add-car 1901 289
add-car 1901 360
add-car 1901 311
add-car 1901 318
add-car 1901 371
add-car 1901 339
add-car 1901 340
add-car 1901 311
add-car 1901 316
add-station 1299 11 450 542 584 453 492 553 586 554 530 550 500
add-station 102 11 76 93 87 88 75 70 72 87 80 78 77
add-station 1319 15 538 581 558 502 457 505 557 485 460 449 452 527 543 538 443
add-station 837 13 306 302 280 297 303 298 277 283 276 267 328 250 268
add-station 1387 0
add-car 1387 482
add-car 1387 512
add-car 1387 541
add-car 1387 548
add-car 1387 457
add-car 1387 558
add-car 1387 547
add-car 1387 469
add-car 1387 470
add-car 1387 434
add-car 1387 526
add-station 824 12 279 305 273 308 302 267 285 268 274 270 248 301
add-station 1809 14 396 406 363 323 357 411 391 366 391 360 363 350 391 324
add-station 2310 17 145 140 163 179 172 157 177 151 177 158 167 169 165 168 158 144 161
add-station 1790 20 386 398 363 339 324 360 401 351 325 371 415 345 344 361 347 395 321 383 369 362
scrap-car 1235 1678
add-station 2312 19 139 163 164 179 162 158 163 147 164 156 177 177 154 152 160 156 154 142 141
add-station 403 16 88 95 86 85 90 99 97 87 102 93 81 90 95 98 89 89
add-station 1774 12 396 362 359 330 418 335 347 343 363 383 343 331
add-station 493 19 94 81 107 89 93 83 79 105 85 84 82 87 104 98 99 106 82 87 79
add-station 1233 14 451 550 529 455 519 504 538 552 457 582 550 567 537 583
add-station 545 18 107 89 87 104 84 89 89 93 95 81 102 94 82 95 107 83 80 86
add-station 1953 11 274 340 282 350 333 306 364 356 371 305 315
add-station 1159 0
add-car 1159 474
add-car 1159 469
add-car 1159 494
add-car 1159 438
add-car 1159 535
add-car 1159 518
add-car 1159 517
add-car 1159 434
add-car 1159 467
add-car 1159 428
add-car 1159 469
add-car 1159 488
add-car 1159 430
add-car 1159 551
add-car 1159 516
add-car 1159 520
add-car 1159 518
add-car 1159 550
add-car 1159 551
add-car 1159 532
add-station 791 0
add-car 791 218
add-car 791 257
add-car 791 225
add-car 791 280
add-car 791 236
add-car 791 240
add-car 791 277
add-car 791 291
add-car 791 243
add-car 791 233
add-car 791 274
add-station 2003 16 355 315 328 344 349 357 281 326 290 302 286 351 301 310 307 279
add-station 1337 0
add-car 1337 435
add-car 1337 469
add-car 1337 539
add-car 1337 439
add-car 1337 500
add-car 1337 444
add-car 1337 575
add-car 1337 483
add-car 1337 475
add-car 1337 492
add-car 1337 476
add-car 1337 430
add-car 1337 483
add-car 1337 565
add-car 1337 554
add-car 1337 551
add-station 16 16 87 89 70 84 79 68 66 82 70 76 87 72 87 86 66 85
add-station 1127 11 464 437 447 538 451 525 515 529 432 522 429
add-station 83 13 80 71 91 75 87 93 87 82 79 78 84 76 80
add-station 1875 13 321 378 348 308 328 385 347 376 312 285 373 366 301
add-station 1287 12 559 505 456 542 574 511 444 446 510 538 568 439
add-station 861 18 322 337 294 349 286 292 347 314 329 312 304 282 327 331 286 283 288 314
demolish-station 1783
add-station 83 18 2372 1858 693 1097 759 304 55 1147 1201 1528 2446 781 2357 2437 2378 991 406 2415
plan-route 2098 123
scrap-car 196 2007
add-station 1545 12 409 401 506 500 490 477 516 471 451 478 441 464
add-station 336 20 79 97 94 92 80 97 84 98 84 82 91 97 83 86 77 98 84 81 76 102
add-station 1453 15 412 486 423 443 408 424 438 526 433 502 536 542 412 493 480
add-station 1693 13 345 375 362 440 416 368 437 444 405 344 401 368 428
add-station 313 11 88 93 85 101 98 98 89 89 83 88 78
add-station 466 17 95 106 103 80 106 98 102 93 102 101 92 94 104 107 97 106 106
add-station 1094 18 517 471 526 503 451 428 508 450 395 465 405 440 491 473 490 496 403 485
add-station 860 12 333 301 285 285 354 270 331 334 334 309 262 277
add-station 1399 20 480 552 417 518 517 495 425 509 536 535 553 442 484 458 448 438 539 421 490 424
add-station 183 12 96 88 74 96 78 96 89 87 83 80 86 76
add-station 1440 12 450 422 463 413 428 494 434 495 421 534 502 524
add-station 1520 15 506 456 502 440 425 416 456 485 433 524 499 399 469 511 400
add-station 1114 14 537 501 414 471 515 465 498 512 473 489 410 488 489 404
add-station 2240 17 175 186 204 176 180 177 207 221 174 186 220 234 222 220 187 209 183
add-station 654 12 121 141 138 143 138 134 138 126 109 141 141 128
add-station 2267 0
add-car 2267 204
add-car 2267 209
add-car 2267 194
add-car 2267 164
add-car 2267 199
add-car 2267 171
add-car 2267 181
add-car 2267 193
add-car 2267 187
add-car 2267 191
add-car 2267 172
add-car 2267 176
add-car 2267 197
add-car 2267 203
add-car 2267 193
add-car 2267 193
add-station 1959 16 322 299 332 323 358 326 283 273 310 288 341 336 334 293 321 344
scrap-car 2321 139
add-station 1218 17 540 570 478 540 529 468 553 493 499 476 474 476 500 514 583 445 436
add-station 219 19 86 87 97 77 73 98 84 91 99 77 95 95 89 75 92 73 79 91 74
add-car 129 91
scrap-car 169 87
add-station 2004 17 334 267 308 333 277 351 334 305 339 313 282 334 271 281 275 347 325
add-station 1136 18 427 447 473 466 519 476 455 419 505 501 547 512 449 458 442 548 508 533
add-station 1587 14 383 403 477 412 428 474 400 385 499 462 416 389 429 425
add-station 2400 12 89 97 92 93 92 101 85 101 86 81 84 81
add-station 1341 15 536 491 493 497 542 477 577 430 462 526 559 511 461 474 544
plan-route 233 2328
add-station 1904 19 324 331 291 371 296 296 328 358 379 355 344 312 375 361 360 359 306 338 305
plan-route 2196 123
add-station 1411 0
add-car 1411 520
add-car 1411 435
add-car 1411 460
add-car 1411 536
add-car 1411 420
add-car 1411 542
add-car 1411 443
add-car 1411 524
add-car 1411 487
add-car 1411 440
add-car 1411 526
add-car 1411 540
add-car 1411 445
add-car 1411 422
add-car 1411 487
add-car 1411 436
add-car 1411 450
add-car 1411 492
add-car 1411 470
add-station 5 16 69 78 68 75 74 69 76 66 79 77 74 89 67 84 73 75
add-station 1325 17 546 555 504 465 583 510 523 540 458 579 437 535 435 565 494 559 502
add-station 2393 20 93 108 99 107 103 107 106 80 95 101 109 90 91 80 99 96 103 97 86 99
add-station 2136 14 262 275 271 277 275 251 242 237 271 275 266 296 269 236
scrap-car 1281 577
add-station 2105 20 276 265 286 263 272 260 307 264 255 289 255 300 286 296 240 315 262 238 300 286
add-station 1957 18 318 331 277 322 364 345 326 308 346 324 313 284 293 303 361 313 328 276
add-station 1526 13 470 512 423 406 473 433 419 400 497 526 430 507 392
scrap-car 1026 392
add-station 482 16 99 105 94 98 106 91 103 104 102 97 99 99 86 85 95 84
add-station 518 12 102 105 90 92 100 83 88 104 82 96 83 83
add-station 921 11 337 304 382 361 374 387 329 402 314 325 323
add-station 1493 13 534 457 414 415 424 506 478 482 433 449 518 495 423
add-station 89 18 93 78 83 71 82 83 91 72 84 81 91 84 87 69 91 90 89 81
add-station 2221 13 224 206 184 235 216 186 245 238 203 209 217 202 185
add-station 1349 0
add-car 1349 476
add-car 1349 445
add-car 1349 447
add-car 1349 490
add-car 1349 444
add-car 1349 522
add-car 1349 521
add-car 1349 566
add-car 1349 521
add-car 1349 470
add-car 1349 545
add-car 1349 501
add-car 1349 490
add-car 1349 469
add-car 1349 461
add-car 1349 436
add-car 1349 549
add-car 1349 522
add-station 2404 14 87 77 74 78 93 86 77 78 79 83 82 94 99 84
add-station 806 17 279 294 287 241 259 284 247 290 290 254 300 261 304 229 288 291 250
scrap-car 2310 165
add-station 159 12 78 71 95 81 90 95 93 91 80 83 96 82
add-station 2365 0
add-car 2365 131
add-car 2365 114
add-car 2365 135
add-car 2365 125
add-car 2365 133
add-car 2365 107
add-car 2365 128
add-car 2365 132
add-car 2365 117
add-car 2365 135
add-car 2365 117
add-car 2365 129
add-car 2365 105
add-car 2365 114
add-car 2365 110
add-car 2365 100
add-station 2159 18 279 223 222 220 282 245 275 251 218 233 248 263 279 233 230 243 245 253
add-station 496 13 93 99 94 100 90 102 89 99 96 80 105 104 101
add-station 601 20 80 82 85 99 89 87 102 97 107 94 98 86 92 89 99 106 91 87 106 87
add-station 1525 14 475 408 444 433 421 471 411 415 460 505 427 458 481 490
add-station 1195 12 460 539 427 484 502 435 470 501 433 479 470 469
add-station 1684 19 452 465 411 413 442 371 455 347 378 411 407 466 439 411 384 382 439 441 455
add-station 851 18 339 293 325 326 330 298 260 306 284 330 260 256 322 317 276 327 266 308
add-station 455 20 100 101 103 80 85 96 85 95 101 84 91 100 93 90 97 96 94 83 90 83
add-station 1629 16 370 392 443 448 385 481 443 394 456 484 384 427 373 376 451 423
demolish-station 1325
add-station 360 0
add-car 360 80
add-car 360 93
add-car 360 95
add-car 360 78
add-car 360 80
add-car 360 90
add-car 360 89
add-car 360 85
add-car 360 92
add-car 360 88
add-car 360 88
add-car 360 83
add-car 360 85
add-car 360 95
add-car 360 82
add-car 360 85
add-car 360 78
add-car 360 97
add-station 1858 0
add-car 1858 389
add-car 1858 302
add-car 1858 310
add-car 1858 327
add-car 1858 359
add-car 1858 303
add-car 1858 316
add-car 1858 326
add-car 1858 295
add-car 1858 348
add-car 1858 308
add-car 1858 353
add-car 1858 384
add-car 1858 330
add-car 1858 310
add-car 1858 347
add-car 1858 369
add-car 1858 357
add-car 1858 354
add-station 484 14 104 79 84 103 90 96 87 82 80 85 100 102 102 107
add-station 734 17 178 194 211 183 175 230 206 195 181 227 199 176 191 230 184 198 232
add-car 13 89
add-station 2362 17 116 131 112 125 120 113 111 120 105 131 115 134 107 120 122 117 102
add-station 1298 11 476 519 480 508 469 555 517 566 447 525 470
add-station 2072 14 330 329 246 270 310 329 262 263 295 250 297 304 248 272
add-station 695 0
add-car 695 141
add-car 695 144
add-car 695 174
add-car 695 143
add-car 695 171
add-car 695 143
add-car 695 185
add-car 695 172
add-car 695 142
add-car 695 168
add-car 695 146
add-station 217 18 74 88 94 79 76 78 84 83 95 87 87 84 87 87 79 77 90 91
add-station 1922 12 292 293 343 340 337 292 282 282 336 327 297 367
add-station 1503 18 444 456 423 470 410 510 426 488 419 478 400 404 405 437 529 429 413 528
add-station 1288 0
add-car 1288 478
add-car 1288 544
add-car 1288 517
add-car 1288 495
add-car 1288 548
add-car 1288 497
add-car 1288 560
add-car 1288 446
add-car 1288 518
add-car 1288 479
add-car 1288 473
add-car 1288 545
add-car 1288 500
add-car 1288 531
add-car 1288 552
add-car 1288 438
add-car 1288 587
add-car 1288 504
plan-route 89 2393
add-station 15 13 82 86 81 66 73 70 67 79 71 86 78 74 85
add-station 1794 18 421 405 349 420 324 325 404 353 323 405 337 322 411 388 405 340 419 357
add-station 581 18 80 103 109 81 96 80 105 99 99 80 101 98 92 109 95 108 100 81
add-station 2337 15 140 141 136 148 144 159 142 149 126 149 117 147 138 124 125
add-station 1038 12 382 482 454 419 391 427 402 457 386 396 455 416
add-station 118 16 92 86 88 72 89 74 89 90 78 91 94 81 93 82 88 82
add-station 2500 12 0 1 0 1 1 1 1 1 1 1 1 0
add-station 651 19 136 140 127 117 136 135 138 110 116 122 132 130 111 117 110 140 137 123 108
add-station 953 14 325 319 335 402 388 350 351 411 321 392 370 321 415 389
add-station 1839 11 331 371 356 398 396 320 306 393 392 378 318
scrap-car 1912 2501
demolish-station 1038
add-station 1478 19 458 419 419 476 538 486 408 407 510 405 409 520 484 494 541 491 466 493 538
add-station 1937 18 372 336 359 319 325 357 324 364 340 338 305 360 297 354 328 358 295 299
add-station 1355 19 466 471 502 570 569 460 526 473 532 465 498 525 553 575 475 558 440 555 499
add-station 2254 15 189 215 170 208 184 193 171 181 166 219 200 173 193 192 173
add-station 564 12 87 106 100 93 101 106 80 102 104 89 82 80
add-station 2123 16 254 237 287 279 284 232 291 239 231 302 270 250 288 293 244 300
add-station 2435 14 58 68 58 62 68 62 65 56 63 56 54 68 58 63
add-station 1302 11 531 482 459 496 467 452 484 487 537 533 549
add-station 2443 20 49 53 45 54 48 44 52 49 55 59 44 54 52 53 48 44 60 49 45 59
add-station 1200 19 535 486 580 549 500 458 445 559 528 511 499 476 550 449 430 428 536 551 529
demolish-station 2311
add-station 2329 13 131 135 153 139 126 133 157 153 123 165 157 124 144
add-station 1979 15 347 334 339 321 336 274 358 301 271 282 304 354 362 326 341
add-station 268 17 84 95 77 77 98 91 88 97 81 75 76 91 83 76 94 86 100
add-station 1339 0
add-car 1339 525
add-car 1339 527
add-car 1339 534
add-car 1339 431
add-car 1339 524
add-car 1339 509
add-car 1339 460
add-car 1339 524
add-car 1339 476
add-car 1339 444
add-car 1339 574
add-station 1360 17 463 448 490 447 516 432 488 535 515 441 510 460 474 539 542 570 478
add-station 193 14 79 74 85 75 78 79 78 91 86 72 76 94 82 74
add-car 1904 296
demolish-station 1900
add-station 1199 16 455 469 556 566 504 573 551 451 433 493 578 471 457 435 453 500
add-station 24 15 70 67 74 81 78 82 75 82 73 77 83 76 71 82 66
add-station 436 11 98 87 82 88 84 105 85 99 88 97 95
add-station 1058 11 501 466 472 497 379 413 400 459 465 463 384
add-station 2085 13 256 322 303 266 300 315 317 273 244 324 285 255 243
add-station 1968 18 274 312 279 279 328 347 306 299 309 354 361 321 323 282 306 340 360 302
add-station 377 0
add-car 377 85
add-car 377 80
add-car 377 93
add-car 377 100
add-car 377 87
add-car 377 96
add-car 377 100
add-car 377 77
add-car 377 82
add-car 377 82
add-car 377 101
add-car 377 82
scrap-car 193 77
add-station 1954 12 290 343 356 370 312 321 345 299 279 369 306 358
add-station 194 19 86 94 94 75 82 86 95 96 75 92 79 74 98 90 92 91 87 87 79
add-station 2123 13 1306 41 1102 1077 960 2263 510 2458 941 492 1617 1427 1899
add-station 462 15 105 93 82 88 93 102 98 83 89 82 101 104 79 102 103
add-station 1893 14 301 288 363 307 324 372 290 336 338 354 304 292 289 307
add-station 2224 13 211 228 186 245 192 245 199 183 200 230 244 225 200
add-station 1303 17 525 527 454 517 464 475 563 450 566 559 455 551 559 488 541 484 450
add-station 1336 15 497 560 498 555 552 540 555 529 519 526 450 474 476 492 575
add-station 750 17 192 226 228 246 207 243 189 219 226 200 222 222 184 241 209 211 215
add-station 2137 13 289 273 270 260 226 294 239 282 264 278 264 224 270
add-station 1403 20 432 471 425 532 455 446 550 524 522 537 457 475 496 530 508 544 561 432 469 556
add-station 1661 13 434 460 441 362 397 470 477 466 375 472 476 410 386
add-car 1356 2096
add-station 1088 14 481 489 445 511 461 467 481 426 513 506 491 496 396 420
add-station 1042 11 494 377 452 466 367 486 426 419 486 454 493
add-station 1947 19 312 339 335 314 303 285 334 357 348 337 276 314 291 340 331 281 301 324 310
add-station 1917 0
add-car 1917 332
add-car 1917 282
add-car 1917 366
add-car 1917 317
add-car 1917 358
add-car 1917 377
add-car 1917 377
add-car 1917 377
add-car 1917 366
add-car 1917 347
add-car 1917 310
add-car 1917 365
add-car 1917 350
add-car 1917 286
add-car 1917 330
add-car 1917 299
add-car 1917 281
add-station 486 13 89 79 86 101 84 103 92 97 84 94 105 92 87
add-station 405 18 99 82 103 82 98 82 78 94 86 95 80 82 103 101 93 81 102 90
add-station 775 15 217 228 225 216 270 247 262 207 209 264 211 235 215 246 257
add-station 1787 18 422 397 407 327 344 419 385 336 328 317 413 327 332 334 407 338 408 334
add-station 1781 13 362 428 341 416 407 416 362 339 425 407 326 359 358
demolish-station 2501
add-station 153 11 74 73 91 91 80 73 83 76 73 78 85
add-station 1307 18 503 586 521 564 575 580 526 479 441 541 484 554 492 581 499 494 565 551
scrap-car 1844 358
scrap-car 1307 492
demolish-station 360
add-station 2207 0
add-car 2207 227
add-car 2207 232
add-car 2207 216
add-car 2207 229
add-car 2207 197
add-car 2207 207
add-car 2207 224
add-car 2207 206
add-car 2207 257
add-car 2207 253
add-car 2207 206
add-car 2207 221
add-car 2207 191
add-car 2207 222
add-car 2207 195
add-car 2207 226
add-car 2207 227
add-car 2207 256
add-station 120 20 70 84 73 90 71 71 79 79 79 71 74 75 87 86 86 84 95 74 88 79
scrap-car 436 1327
add-station 2369 17 125 126 104 99 115 112 117 109 121 110 128 110 112 99 124 113 128
add-station 1844 15 826 1328 1168 2126 2208 2472 882 2261 45 434 689 1025 1751 238 260
add-station 1666 17 440 450 437 407 462 469 417 473 430 477 397 456 451 447 362 378 374
add-station 1433 14 526 453 492 480 537 536 413 437 499 549 430 509 451 487
add-station 1270 11 558 572 478 585 547 457 550 559 524 536 555
add-station 2120 12 235 249 300 296 228 227 269 276 282 281 239 306
add-station 164 12 79 80 85 88 74 81 76 83 77 86 72 89
add-station 2007 12 291 269 324 288 351 322 265 304 271 285 341 298
add-station 1324 15 503 562 450 532 460 466 451 580 435 439 460 482 554 487 521
add-station 816 18 310 247 274 252 285 315 310 293 274 241 308 270 278 283 268 312 302 307
add-station 1724 19 420 376 452 408 447 401 339 432 405 439 453 408 432 385 384 347 374 362 443
add-station 1773 14 389 422 431 344 356 368 348 413 389 331 372 386 377 346
demolish-station 1968
add-station 2174 0
add-car 2174 229
add-car 2174 234
add-car 2174 215
add-car 2174 209
add-car 2174 273
add-car 2174 275
add-car 2174 263
add-car 2174 266
add-car 2174 251
add-car 2174 220
add-car 2174 273
add-car 2174 224
add-car 2174 237
add-car 2174 233
add-car 2174 251
add-car 2174 226
add-car 2174 239
add-car 2174 259
add-car 2174 250
add-car 2500 57
plan-route 1922 159
