add-station 644 15 146 113 112 111 114 149 144 143 142 113 150 145 146 138 147
add-station 305 9 180 234 226 232 176 185 186 194 194
add-station 833 12 89 102 115 103 91 119 95 114 91 104 96 98
add-station 1235 11 67 73 57 73 73 60 60 62 74 68 67
add-station 991 16 100 80 101 92 83 79 89 92 92 102 100 94 96 82 82 102
add-station 316 15 178 183 180 202 235 218 228 212 241 214 232 237 206 224 202
add-station 465 11 194 209 187 167 195 171 172 216 183 193 186
add-station 265 9 160 183 163 194 181 204 188 179 194
add-station 810 16 98 114 121 114 110 119 109 93 92 117 97 111 105 93 109 101
scrap-car 265 163
add-station 592 13 154 137 140 137 124 144 125 167 165 145 144 143 158
add-station 895 11 99 93 99 106 110 108 103 112 111 93 115
add-station 724 13 121 109 118 95 120 92 122 93 112 112 102 104 94
add-station 592 10 309 186 875 1442 32 296 806 732 21 1108
add-station 530 11 173 184 148 186 177 164 177 151 159 142 188
demolish-station 635
add-station 0 13 37 44 40 36 45 33 44 36 45 37 44 38 33
add-station 1202 16 71 76 73 81 78 62 62 78 64 76 78 63 68 67 78 74
add-station 1285 9 54 56 57 54 50 51 49 48 54
add-station 1082 14 69 78 85 74 74 72 74 80 86 74 89 87 80 88
add-station 533 9 185 168 185 189 165 173 178 170 160
add-station 551 14 155 152 176 137 143 146 158 182 145 167 150 138 177 180
add-station 246 12 205 165 161 183 195 174 167 171 175 155 177 206
add-station 415 0
add-car 415 189
add-car 415 205
add-car 415 206
add-car 415 235
add-car 415 230
add-car 415 178
add-car 415 220
add-car 415 192
add-car 415 197
add-car 415 227
add-car 415 237
add-car 415 212
add-car 415 206
add-car 415 175
plan-route 1285 0
add-station 77 12 82 84 95 93 95 100 83 95 92 89 97 81
add-station 500 13 174 169 154 191 197 199 201 174 184 150 151 153 153
add-station 1413 15 15 14 15 14 12 15 11 11 11 15 12 12 12 11 12
add-station 675 11 104 108 130 123 138 122 136 110 120 118 134
add-station 9 0
add-car 9 38
add-car 9 44
add-car 9 41
add-car 9 50
add-car 9 39
add-car 9 40
add-car 9 45
add-car 9 46
add-car 9 46
add-car 9 39
add-car 9 41
add-car 9 44
add-car 9 51
add-car 9 41
add-car 9 49
add-car 9 49
add-station 492 12 156 190 197 172 172 172 191 181 186 190 193 196
add-station 302 16 200 189 222 222 196 185 210 182 203 199 196 224 233 181 226 203
add-station 954 10 101 93 85 109 92 106 100 100 101 96
add-station 411 11 210 233 196 219 190 234 181 229 209 201 190
add-station 1428 11 8 8 8 8 6 6 8 6 8 7 7
add-station 273 9 208 193 168 190 184 209 182 173 207
add-station 1022 12 93 75 98 91 87 85 94 77 87 79 79 87
add-station 464 13 210 213 175 213 211 176 186 179 173 202 211 186 179
add-station 1306 15 54 52 57 54 55 54 49 51 47 57 56 55 48 48 52
add-station 868 11 115 111 89 97 104 93 105 103 87 97 115
add-station 314 10 202 198 199 210 234 228 223 208 207 212
add-station 1406 12 18 13 15 14 13 18 16 16 18 13 14 14
add-station 583 9 132 169 152 141 136 153 161 141 171
add-station 400 15 238 203 203 180 233 204 201 191 221 228 191 231 218 243 201
add-station 823 11 116 113 110 115 101 108 111 113 97 105 98
add-station 1168 15 76 84 69 68 86 85 67 77 80 74 76 67 64 79 85
add-station 401 11 218 201 181 226 187 198 191 216 238 198 182
add-station 574 10 172 145 142 143 135 148 148 159 156 130
add-station 1237 12 57 68 70 58 63 75 61 56 58 63 61 66
demolish-station 277
add-station 1019 11 99 75 82 93 75 75 76 83 93 90 80
add-station 92 11 106 114 88 99 85 89 100 99 111 92 105
add-station 171 9 150 153 142 150 142 161 165 124 146
add-station 1217 9 74 79 75 74 58 70 76 65 60
add-station 1262 14 65 61 52 62 68 53 59 55 61 69 58 56 66 62
add-station 1033 13 92 84 77 93 94 91 94 78 78 83 74 93 74
scrap-car 9 41
add-station 1317 12 43 49 45 50 40 40 48 39 50 40 40 39
scrap-car 415 229
add-station 1228 14 74 65 61 72 70 65 66 57 70 77 57 60 68 71
add-station 90 13 85 106 98 87 97 102 103 98 93 102 103 92 105
demolish-station 1406
add-station 1124 10 84 68 73 79 81 76 80 89 67 83
add-station 344 14 211 224 231 203 214 253 227 232 249 228 198 203 231 252
add-station 214 0
add-car 214 189
add-car 214 181
add-car 214 184
add-car 214 153
add-car 214 180
add-car 214 178
add-car 214 146
add-car 214 182
add-car 214 176
add-car 214 161
add-station 994 12 95 94 100 88 94 96 101 88 101 102 101 96
add-station 373 10 195 197 252 217 192 199 235 251 194 246
add-station 764 14 116 113 105 103 105 98 117 101 112 105 119 98 96 116
add-station 1354 16 35 37 40 34 39 34 40 34 37 38 35 38 30 32 37 32
add-station 799 11 93 118 115 99 118 111 95 122 90 93 122
add-station 1431 14 5 4 4 4 5 4 6 4 6 5 6 6 6 5
add-station 586 9 131 149 132 149 127 166 139 146 160
add-station 330 15 236 190 228 229 210 234 210 224 213 232 199 230 206 247 193
add-station 1343 11 44 44 38 42 38 35 44 39 38 37 43
add-station 140 11 143 120 108 110 108 116 120 136 143 129 123
add-station 700 9 116 99 129 114 127 117 118 129 108
add-station 525 10 166 181 149 189 179 150 157 171 145 160
add-station 64 13 76 84 90 70 93 91 80 84 73 94 94 81 75
add-station 714 9 114 124 125 113 104 102 110 99 96
add-station 1187 13 77 84 68 66 73 71 80 81 64 67 76 74 75
add-station 1151 15 83 67 69 80 71 76 73 88 78 73 88 73 88 86 74
add-station 794 9 107 105 93 93 102 102 97 93 113
add-station 1249 9 72 53 55 72 72 66 54 71 71
add-station 958 9 97 84 108 109 100 101 109 92 90
add-station 176 12 147 156 138 136 137 156 134 164 168 130 165 128
add-station 40 13 59 64 57 74 76 73 62 65 68 73 67 74 57
add-station 1006 9 77 90 92 88 98 81 88 91 78
add-station 189 13 175 152 147 156 169 145 166 152 153 137 160 157 145
add-station 684 15 118 105 108 104 131 101 129 112 133 104 113 103 136 111 134
add-station 808 13 107 99 122 105 120 122 99 96 97 94 105 105 118
add-station 1120 16 74 79 71 87 69 79 75 74 67 88 82 88 88 66 66 80
add-station 28 15 67 61 49 61 50 61 50 65 56 51 49 66 54 54 52
add-station 882 13 94 88 87 110 102 111 107 92 104 91 112 97 100
add-station 823 14 1009 413 1443 566 555 336 992 425 1202 1125 106 913 442 3
add-station 1119 15 82 67 69 86 76 76 81 70 79 73 72 89 73 69 84
add-station 123 13 120 100 123 109 133 104 119 104 132 128 127 127 135
add-station 178 11 144 145 131 142 127 163 147 164 163 146 129
add-station 419 13 190 216 195 210 210 216 227 179 191 230 223 217 232
add-station 852 0
add-car 852 98
add-car 852 104
add-car 852 94
add-car 852 91
add-car 852 90
add-car 852 115
add-car 852 90
add-car 852 93
add-car 852 93
add-car 852 112
add-car 852 96
add-car 852 104
add-car 852 89
add-station 1374 14 27 31 29 27 25 28 31 25 32 26 29 24 29 29
add-station 81 15 90 101 96 91 96 94 82 94 98 94 102 104 82 80 83
add-station 775 12 121 107 118 114 91 114 112 119 123 119 110 123
add-station 779 0
add-car 779 95
add-car 779 108
add-car 779 104
add-car 779 100
add-car 779 100
add-car 779 120
add-car 779 112
add-car 779 94
add-car 779 113
add-car 779 94
add-car 779 123
add-car 779 112
add-car 779 121
add-car 779 95
add-station 434 10 185 185 217 214 184 200 169 212 214 216
add-station 556 13 180 158 177 180 179 141 159 163 170 145 164 144 151
add-station 1112 11 71 72 82 74 85 71 70 72 87 69 68
add-station 1221 16 74 60 58 59 66 77 58 78 66 67 70 61 63 74 70 75
add-station 838 10 117 94 109 113 100 105 112 90 103 103
add-station 1074 0
add-car 1074 82
add-car 1074 82
add-car 1074 68
add-car 1074 72
add-car 1074 70
add-car 1074 74
add-car 1074 85
add-car 1074 75
add-car 1074 74
add-car 1074 81
add-car 1074 79
add-station 1213 12 73 62 73 61 73 72 64 66 67 76 65 64
add-station 497 9 176 191 185 197 200 185 201 193 160
add-station 832 9 106 110 101 90 92 95 117 103 96
add-station 1366 15 26 26 26 32 31 34 35 29 26 33 35 31 30 27 26
add-station 141 0
add-car 141 122
add-car 141 147
add-car 141 108
add-car 141 136
add-car 141 132
add-car 141 145
add-car 141 109
add-car 141 126
add-car 141 127
add-car 141 147
add-car 141 110
add-car 141 111
add-car 141 114
add-car 141 143
add-car 141 145
add-car 141 123
add-station 1378 10 27 23 23 27 24 31 31 29 27 28
scrap-car 1316 1193
add-station 174 9 160 165 132 160 125 131 129 149 130
add-station 1429 11 6 5 5 6 6 6 6 7 5 7 6
add-station 1035 12 94 88 94 92 73 82 76 82 90 72 73 97
add-station 1299 10 45 52 58 55 54 47 50 49 52 52
add-station 2 0
add-car 2 41
add-car 2 40
add-car 2 35
add-car 2 44
add-car 2 41
add-car 2 44
add-car 2 35
add-car 2 46
add-car 2 37
add-car 2 42
add-car 2 36
add-car 2 44
add-car 2 41
add-car 2 44
add-car 2 38
add-car 2 37
add-station 641 16 130 143 119 136 145 129 122 146 141 112 141 116 124 148 142 120
add-station 815 16 107 101 92 122 117 122 96 90 93 96 101 96 110 116 100 108
add-station 643 12 132 114 111 138 118 135 144 134 137 116 134 114
add-station 1210 11 63 75 65 77 59 59 75 59 73 78 75
add-station 1388 0
add-car 1388 21
add-car 1388 22
add-car 1388 25
add-car 1388 19
add-car 1388 23
add-car 1388 19
add-car 1388 19
add-car 1388 24
add-car 1388 22
add-car 1388 25
add-car 1388 23
add-car 1388 25
add-car 1388 26
add-station 209 13 166 153 175 139 175 144 138 177 167 141 161 178 154
add-station 480 16 201 179 182 173 177 206 202 155 202 208 182 202 159 208 176 195
add-station 87 0
add-car 87 82
add-car 87 82
add-car 87 108
add-car 87 85
add-car 87 108
add-car 87 95
add-car 87 106
add-car 87 107
add-car 87 89
add-car 87 86
add-car 87 105
add-car 87 109
add-station 433 9 210 189 223 181 192 214 214 187 170
add-station 859 14 107 117 102 114 101 97 106 116 112 92 96 108 87 88
plan-route 1429 9
add-station 812 0
add-car 812 105
add-car 812 115
add-car 812 97
add-car 812 120
add-car 812 116
add-car 812 121
add-car 812 107
add-car 812 92
add-car 812 91
add-car 812 92
add-car 812 122
add-car 812 122
add-car 812 113
add-car 812 118
add-station 1373 10 33 32 24 32 29 30 30 29 29 30
add-station 671 12 124 128 117 123 132 108 108 124 121 129 107 132
add-station 538 15 156 145 179 148 159 182 187 185 150 187 159 159 186 176 182
add-station 392 12 206 234 206 244 246 209 232 244 189 201 237 215
add-station 293 15 227 191 182 205 210 192 224 184 226 174 176 193 189 229 186
add-station 254 13 162 158 211 172 159 210 198 168 158 172 206 203 202
add-car 1413 25
add-car 1428 15
plan-route 9 1262
